-1109.71400000	0.00130000	0.00003577	484917.02546964	0.00000962	19.70070095
-1099.44000000	0.00190000	0.00000782	484887.43639880	0.00000718	19.63752054
-1089.50900000	0.00025000	0.00005484	484670.32612187	0.00005664	43.35869733
-1079.35000000	0.00185000	0.00006359	484774.85985135	-0.00004955	-8.40595385
-1069.13200000	0.00190000	0.00006743	484277.09776517	-0.00005360	-10.28503581
-1059.26000000	0.00235000	0.00007396	484251.60100221	-0.00004969	-8.29023811
-1049.10000000	0.00165000	0.00007274	483800.58183513	0.00004419	37.53598169
-1039.17000000	0.00220000	0.00007540	483498.09932850	0.00004501	37.41966362
-1029.01000000	0.00060000	0.00010547	483738.06668025	-0.00000362	14.55416622
-1018.79300000	0.00120000	0.00010566	483468.48878859	-0.00009732	-31.00344277
-1008.63300000	0.00135000	0.00008285	482749.00380026	0.00004200	36.65353060
-998.76000000	0.00145000	0.00010848	483072.40197443	-0.00009468	-29.55671104
-988.54300000	0.00275000	0.00011384	482545.78306193	-0.00009706	-30.98314701
-978.38300000	0.00190000	0.00009187	482531.25628432	0.00004260	36.80469010
-968.45300000	0.00190000	0.00012010	482689.89608218	0.00008763	58.65061801
-958.29300000	0.00095000	0.00011646	482535.20555191	0.00008664	57.77612152
-948.13300000	0.00145000	0.00011511	482327.31123974	0.00008927	58.63555187
-938.20300000	0.00190000	0.00011803	482225.63536199	-0.00009571	-30.11851741
-928.04300000	0.00245000	0.00012544	482432.05416631	-0.00009000	-27.83842006
-917.82600000	0.00200000	0.00009596	481803.35574661	0.00004159	35.77840212
-907.95300000	0.00125000	0.00012236	482077.09889581	-0.00000404	14.12661358
-897.79300000	0.00160000	0.00012363	482342.72719039	-0.00009466	-29.85305290
-887.86300000	0.00115000	0.00011650	481930.94573533	0.00008782	58.27525128
-877.70300000	0.00275000	0.00011793	482255.38920262	-0.00009268	-29.07904950
-867.48600000	0.00125000	0.00011361	482049.38857655	0.00009113	59.99683747
-857.32600000	0.00120000	0.00009499	481857.81554360	0.00004106	35.79075576
-847.39600000	0.00200000	0.00009248	481807.16973265	0.00004492	37.09658848
-837.23600000	0.00150000	0.00011451	482169.40698183	-0.00009359	-29.50734328
-827.01900000	0.00090000	0.00009193	481930.73170453	0.00004489	37.28243642
-817.14600000	0.00215000	0.00009176	482200.33450253	-0.00005203	-9.40558664
-806.98700000	0.00065000	0.00010711	482198.26128827	-0.00009652	-30.77377100
-796.76900000	0.00085000	0.00008469	481959.27855765	-0.00004603	-6.56369061
-786.89700000	0.00145000	0.00008444	481969.10252719	0.00004386	36.62689447
-776.73700000	0.00160000	0.00008298	482050.64677342	-0.00004695	-7.20444453
-766.52000000	0.00140000	0.00008030	481963.02319762	-0.00005052	-8.87383655
-756.64700000	0.00165000	0.00007779	482263.58276130	-0.00005017	-8.77059523
-746.43000000	0.00035000	0.00007764	482143.46024212	-0.00004931	-8.29610714
-736.27000000	0.00075000	0.00007145	482175.67926027	-0.00004652	-7.11511588
-726.34000000	0.00180000	0.00007094	482342.59384667	0.00004802	38.76613569
-716.18000000	0.00255000	0.00006699	482176.42968658	0.00004670	38.01381444
-705.96300000	0.00095000	0.00006274	482203.22104095	0.00004493	37.50518214
-696.09000000	0.00185000	0.00006492	482200.36082383	0.00004543	37.40546491
-685.93000000	0.00215000	0.00006232	482275.54011496	0.00004506	37.17917570
-675.71300000	0.00095000	0.00005917	482400.93423470	-0.00004896	-8.11398003
-665.84000000	0.00140000	0.00006135	482258.23550389	-0.00005127	-9.37785188
-655.62300000	0.00185000	0.00005960	482311.38206391	-0.00004961	-8.54711035
-645.46300000	0.00125000	0.00003899	482219.33112135	-0.00000200	14.43451739
-635.59000000	0.00185000	0.00003564	482021.21628244	-0.00000240	14.36278840
-625.43000000	0.00135000	0.00005577	482250.30869552	-0.00004814	-7.56366225
-615.21300000	0.00155000	0.00003491	482120.63301775	-0.00000285	14.06173069
-605.28300000	0.00035000	0.00003597	482208.85803547	0.00000650	18.51907319
-595.12300000	0.00230000	0.00003205	482207.23152835	-0.00000417	13.36041620
-584.96300000	0.00150000	0.00003160	482231.89564165	0.00000161	16.35507757
-575.03300000	0.00070000	0.00002477	482199.73231209	0.00000004	15.55528939
-564.87300000	0.00180000	0.00002750	482238.50222967	0.00000467	17.60295606
-554.65600000	0.00260000	0.00002196	482278.03050806	-0.00000203	14.57005837
-544.78300000	0.00100000	0.00002213	482213.18619050	-0.00000016	15.38767417
-534.62400000	0.00120000	0.00001982	482290.95028587	-0.00000678	11.99444920
-524.40600000	0.00185000	0.00000004	482302.94886838	-0.00000049	15.28089721
-514.53400000	0.00310000	0.00001719	482274.89090195	-0.00000130	14.81140756
-504.31600000	0.00130000	0.00002162	482294.63607857	-0.00000148	14.60628810
-494.15700000	0.00250000	0.00001327	482204.54851032	-0.00000033	15.45677299
-484.22600000	0.00125000	0.00001595	482273.84653767	0.00000363	17.19669675
-474.06700000	0.00235000	0.00002400	482080.82736646	0.00000362	17.04785792
-463.84900000	0.00225000	0.00003098	481777.35793742	0.00000202	16.31183826
-453.97700000	0.00145000	0.00005194	481786.67758203	0.00004843	38.53769459
-443.75900000	0.00105000	0.00006149	481496.21067855	-0.00005035	-8.71760733
-433.60000000	0.00245000	0.00006886	481391.37377108	0.00004940	39.09380186
-423.72700000	0.00230000	0.00008054	480997.93639523	-0.00005175	-9.56864139
-413.51000000	0.00130000	0.00010887	481038.94080276	-0.00009519	-30.57188260
-403.35000000	0.00225000	0.00011929	480509.49830236	-0.00009482	-30.38470180
-393.42000000	0.00205000	0.00012576	480137.72529601	-0.00009452	-29.87350655
-383.26000000	0.00210000	0.00013178	479672.66235732	0.00008922	58.09405695
-373.10000000	0.00220000	0.00014438	479328.64063468	-0.00009474	-29.81236109
-362.88300000	0.00095000	0.00017901	479169.03108049	0.00003813	33.75453153
-352.95300000	0.00095000	0.00018649	478592.50360690	0.00003903	34.38509495
-342.79300000	0.00235000	0.00019107	478126.22451183	-0.00013291	-48.08440484
-332.92000000	0.00075000	0.00022835	478562.06763668	-0.00000491	13.03379261
-322.76000000	0.00105000	0.00023712	477913.89180070	-0.00008977	-27.59869946
-312.54300000	0.00060000	0.00026918	478106.47304938	-0.00004502	-6.16901935
-302.61300000	0.00100000	0.00027695	477583.83808489	-0.00004493	-5.94851854
-292.45300000	0.00080000	0.00028394	477285.02127910	-0.00004545	-6.14261639
-282.29300000	0.00070000	0.00028891	476963.57737816	-0.00004589	-6.48619740
-272.07600000	0.00100000	0.00028801	476453.79695699	0.00003292	31.12718665
-262.20300000	0.00070000	0.00029550	476382.45303192	-0.00004683	-6.91683152
-251.98600000	0.00155000	0.00029616	476212.60466659	-0.00004598	-6.67922319
-242.11300000	0.00080000	0.00032076	477095.30858162	-0.00000765	11.98012467
-231.95300000	0.00130000	0.00025814	474802.60691682	0.00008215	54.34039119
-221.73600000	0.00080000	0.00032059	477188.71300027	-0.00000763	11.94807104
-211.57600000	0.00075000	0.00029268	476496.54213422	-0.00004574	-6.43559216
-201.64600000	0.00070000	0.00031210	477580.69336527	-0.00000714	12.37416978
-191.48600000	0.00095000	0.00028003	477032.70538286	0.00003186	31.28866117
-181.26900000	0.00075000	0.00027675	477558.21640576	-0.00004640	-6.61325495
-171.39600000	0.00100000	0.00026946	478016.79804706	-0.00004756	-7.00909140
-161.23700000	0.00305000	0.00025823	478812.56916219	-0.00004665	-6.53382412
-151.30600000	0.00120000	0.00019499	477706.69733277	-0.00013376	-48.18695475
-141.14700000	0.00170000	0.00018900	478557.66495572	-0.00004784	-7.09382636
-130.92900000	0.00085000	0.00017211	479145.76680634	-0.00013417	-48.58927109
-120.77000000	0.00145000	0.00013763	479568.18422895	-0.00009142	-27.90824453
-110.89700000	0.00215000	0.00012180	480118.83305511	-0.00009342	-29.01081216
-100.68000000	0.00115000	0.00008457	480413.19568024	0.00004222	36.14658230
-90.52000000	0.00165000	0.00007241	481048.39861941	-0.00004817	-7.28550518
-80.59000000	0.00095000	0.00003256	481406.92142890	-0.00000202	15.04104686
-70.43000000	0.00055000	0.00005290	481624.92089698	0.00004884	39.46296057
-60.21300000	0.00210000	0.00005506	481409.84928700	-0.00005364	-9.83758362
-50.34000000	0.00245000	0.00007136	481112.26789166	-0.00004862	-7.57272561
-40.18000000	0.00100000	0.00008517	480602.40850597	0.00004350	36.82839669
-29.96300000	0.00135000	0.00012594	480147.57865219	-0.00009323	-28.88159907
-20.09000000	0.00295000	0.00016889	479631.46141191	0.00003921	35.08297062
-9.87300000	0.00170000	0.00018177	478489.02292821	-0.00013411	-48.27069976
0.00000000	0.00125000	0.00019869	477413.61376187	-0.00013434	-48.20434558
9.93000000	0.00160000	0.00024647	477361.74922314	-0.00000595	13.01158064
20.09000000	0.00115000	0.00028388	477300.54409426	-0.00004720	-6.26458345
29.96300000	0.00095000	0.00032444	476902.49232686	-0.00000787	12.18054861
40.18000000	0.00120000	0.00030611	474938.44951661	0.00003612	32.92074237
50.34000000	0.00130000	0.00038095	476019.25584178	-0.00004606	-5.73133686
60.27000000	0.00155000	0.00005219	481596.20289369	-0.00004933	-7.79914295
70.43000000	0.00080000	0.00021937	478997.97425042	-0.00000597	13.21517370
80.59000000	0.00100000	0.00028066	477532.06705452	-0.00004509	-5.47627637
90.52000000	0.00100000	0.00046893	474843.29502526	-0.00004491	-5.26096728
100.68000000	0.00130000	0.00047205	474752.73911506	-0.00004410	-5.12745873
110.83900000	0.00080000	0.00046625	475123.94946340	-0.00004514	-5.66833885
120.77000000	0.00090000	0.00045616	475808.32797188	-0.00004461	-5.34566218
130.92900000	0.00105000	0.00042640	475501.10413315	-0.00001001	11.52356764
141.14700000	0.00125000	0.00038490	475664.91445068	-0.00004506	-6.04868930
151.24900000	0.00200000	0.00005133	481420.17175269	-0.00005088	-8.03825745
161.17900000	0.00145000	0.00005614	481431.98325100	-0.00005080	-8.01492018
171.33900000	0.00165000	0.00006461	481242.67610550	-0.00005122	-8.21476710
181.26900000	0.00170000	0.00006712	480980.41897090	-0.00004951	-7.42674310
191.42900000	0.00060000	0.00007617	480871.73100733	0.00004203	36.71862908
201.58900000	0.00270000	0.00008281	480836.84902348	0.00004838	39.62332031
211.51900000	0.00125000	0.00008794	480764.55559747	-0.00004629	-6.21973703
221.67900000	0.00230000	0.00010873	480721.63564851	-0.00009489	-29.22345941
231.89600000	0.00095000	0.00008674	480682.07864218	-0.00004808	-6.67008612
242.05600000	0.00105000	0.00010719	480865.92882477	-0.00009712	-30.20829085
251.92900000	0.00190000	0.00009184	480544.70898891	0.00004399	37.54427610
262.08800000	0.00065000	0.00011587	480675.98177731	0.00008759	58.61567142
272.01900000	0.00100000	0.00011631	480494.66274918	0.00008772	58.91928545
282.17800000	0.00220000	0.00011780	480254.87134883	0.00008759	58.56298551
292.33800000	0.00130000	0.00012518	480322.77495158	-0.00009455	-28.98624004
302.55500000	0.00150000	0.00012839	480311.76890269	-0.00000207	15.25942499
312.42800000	0.00060000	0.00013218	480282.56106632	-0.00009392	-28.94424083
322.58800000	0.00170000	0.00013548	480040.83629085	-0.00009341	-28.51753206
332.80500000	0.00155000	0.00013431	479972.91500583	0.00008874	59.55135754
342.67800000	0.00095000	0.00013223	479916.79286630	0.00008656	58.13245476
352.83800000	0.00140000	0.00013104	480023.56505604	0.00008526	57.35208310
362.76800000	0.00150000	0.00013861	479982.09892736	-0.00009366	-28.59280453
372.92800000	0.00230000	0.00014049	479976.31730324	-0.00009510	-29.28657929
383.08800000	0.00195000	0.00013879	480082.80228732	-0.00009528	-29.39220294
393.30500000	0.00175000	0.00013601	480200.64698695	-0.00009274	-27.51071820
403.17800000	0.00110000	0.00013112	480141.32248603	0.00008732	58.77639449
413.39500000	0.00185000	0.00013353	480254.46919536	-0.00000729	13.46894665
423.49700000	0.00245000	0.00013211	480467.99465636	-0.00009510	-29.14001720
433.42700000	0.00190000	0.00011971	480564.62109179	0.00008645	58.37154102
443.64500000	0.00085000	0.00012294	480684.63118792	0.00008706	58.72622352
453.80400000	0.00190000	0.00011886	480988.25649354	0.00008830	59.13182275
463.67700000	0.00070000	0.00011389	481257.90524767	-0.00000424	14.70880390
473.89400000	0.00190000	0.00011141	481486.89238280	-0.00009718	-30.15479517
484.05400000	0.00155000	0.00008342	481339.98167781	0.00004391	37.82435809
493.92700000	0.00205000	0.00007677	481542.04878221	-0.00005115	-7.63213051
504.08700000	0.00125000	0.00007369	481871.63354203	-0.00005116	-8.04597297
514.30400000	0.00170000	0.00006628	482032.46638559	-0.00005097	-7.41637982
524.17700000	0.00260000	0.00006201	482257.61882470	-0.00005212	-7.95878814
534.39400000	0.00010000	0.00000003	482703.83538702	-0.00000024	16.74985828
544.55400000	0.00120000	0.00000016	482633.08633828	-0.00000063	16.48945295
554.42700000	0.00070000	-0.00000001	482813.62665078	0.00000220	18.15312578
564.58600000	0.00140000	0.00000589	482793.68800130	0.00000791	20.72042071
574.80400000	0.00180000	0.00001000	482635.78001703	-0.00000032	17.02576364
584.73400000	0.00105000	0.00003226	482508.24689500	0.00000235	18.56948745
594.89400000	0.00060000	0.00004264	482543.53518085	0.00000205	18.11642522
605.05300000	0.00115000	0.00005180	482499.06588547	-0.00005049	-6.68259542
614.92600000	0.00205000	0.00006620	482335.47478864	0.00004672	39.84593812
625.14300000	0.00250000	0.00008301	482193.05505018	0.00004348	38.30216475
635.30300000	0.00140000	0.00010662	482016.38219608	-0.00009405	-28.07983486
645.17600000	0.00200000	0.00011566	481508.11081918	0.00009231	61.68088153
655.33600000	0.00120000	0.00012222	481261.15824108	0.00008830	59.74882848
665.55300000	0.00100000	0.00013838	481014.46736909	-0.00009385	-27.98259916
675.42600000	0.00140000	0.00017036	480716.10565343	-0.00013172	-46.39523442
685.58600000	0.00050000	0.00018745	480473.72786868	-0.00004695	-5.51555305
695.74500000	0.00120000	0.00021937	480880.68214548	-0.00000706	13.62101659
705.67600000	0.00110000	0.00022579	480067.82594223	-0.00008700	-25.09106413
715.83500000	0.00115000	0.00026324	480314.45919325	-0.00004679	-5.18541982
726.05300000	0.00055000	0.00027180	479931.40327601	-0.00004468	-4.48423350
735.92500000	0.00180000	0.00024406	478169.05475590	0.00007842	54.39562865
746.08500000	0.00150000	0.00028789	479271.08040702	-0.00004611	-5.36424330
756.30200000	0.00170000	0.00031952	479545.81703407	-0.00000809	12.82662038
766.17500000	0.00130000	0.00025803	476794.57000522	0.00008178	55.85099847
776.33500000	0.00085000	0.00033079	478983.05175479	-0.00000704	13.95354818
786.49500000	0.00120000	0.00035522	479386.46811234	-0.00004621	-4.83181967
796.42500000	0.00250000	0.00033788	478705.75962368	-0.00000665	14.14007602
806.58500000	0.00100000	0.00030717	476804.51663227	0.00003546	34.24979433
816.74500000	0.00155000	0.00026470	475554.24170613	-0.00018301	-69.88013424
826.67500000	0.00090000	0.00036202	479661.20995849	-0.00004804	-6.01718453
836.83500000	0.00140000	0.00031025	477136.88160100	0.00003709	34.95486386
846.99400000	0.00165000	0.00036945	479547.93650193	-0.00004461	-4.25500817
856.86700000	0.00105000	0.00036225	479371.85651267	-0.00004655	-4.83047420
867.08400000	0.00215000	0.00026406	475969.13558360	-0.00018346	-69.30390733
877.30200000	0.00070000	0.00035938	479970.69690475	-0.00004747	-4.95136724
887.46100000	0.00200000	0.00024531	476083.04394461	0.00016603	96.47597724
897.33400000	0.00120000	0.00032610	479966.62596522	-0.00008606	-23.82187457
907.55100000	0.00125000	0.00025632	477541.55042390	0.00008070	55.99345579
917.42400000	0.00215000	0.00029045	480035.80553080	-0.00004736	-5.07250566
927.58400000	0.00170000	0.00028154	480517.58958416	-0.00004701	-5.38492373
937.74400000	0.00100000	0.00024154	479864.42917314	0.00007777	54.98659105
947.67400000	0.00065000	0.00026574	481349.17149432	-0.00004745	-5.27016606
957.83400000	0.00055000	0.00023731	481434.57259961	-0.00000628	15.10222400
967.99400000	0.00080000	0.00022853	481948.86446940	-0.00000547	14.97030916
977.86600000	0.00255000	0.00018988	481611.48217494	-0.00013324	-46.59915302
988.08400000	0.00225000	0.00017627	482161.25424856	-0.00013362	-47.18118844
998.24300000	0.00180000	0.00016783	482651.73427747	-0.00013436	-47.85808542
1008.11600000	0.00150000	0.00012723	482826.89291767	0.00008936	60.87632955
1018.33300000	0.00230000	0.00009857	483071.17954339	0.00004564	39.67163052
1028.49300000	0.00215000	0.00010753	484026.19127336	-0.00000202	16.95025544
1038.65300000	0.00130000	0.00007890	484270.35472530	0.00003898	36.77816157
1048.52600000	0.00140000	0.00006410	484778.30266388	0.00004438	38.99350629
1058.74300000	0.00120000	0.00006274	485131.43649020	0.00004599	40.29015433
1068.61600000	0.00125000	0.00000598	485058.94177402	-0.00000214	17.06118504
1078.77600000	0.00095000	0.00001198	485787.85776915	-0.00000089	17.84951486
1088.93500000	0.00180000	0.00000605	485772.11271417	0.00000327	19.12066638
1098.86600000	0.00185000	0.00000002	486209.50061748	0.00000267	19.03913281
1109.02500000	0.00115000	0.00000008	486077.14151896	0.00000961	22.92951926
