-1109.54200000	0.00185000	0.00005041	485475.47711666	-0.00000273	14.07870390
-1099.38200000	0.00155000	0.00003378	484833.28063052	0.00000755	19.22096477
-1089.45200000	0.00155000	0.00003947	484651.07719059	-0.00000576	12.38294029
-1079.29200000	0.00130000	0.00006006	484593.62471609	0.00004270	36.21903555
-1069.13200000	0.00080000	0.00006780	484325.24562280	0.00004347	37.49821375
-1059.26000000	0.00150000	0.00008007	484204.21601015	-0.00004929	-7.97267439
-1049.04200000	0.00215000	0.00008459	484081.63736888	-0.00004889	-7.66305113
-1039.17000000	0.00140000	0.00007995	483383.52501611	-0.00004841	-6.81046811
-1029.01000000	0.00220000	0.00008138	483369.53635266	0.00004708	38.90756095
-1018.79300000	0.00225000	0.00011220	483006.01612852	-0.00009188	-28.02878530
-1008.63300000	0.00150000	0.00011791	483399.56256312	-0.00009152	-28.37607489
-998.76000000	0.00160000	0.00011792	483245.62258270	0.00009214	60.53868149
-988.54300000	0.00110000	0.00012757	483040.49163127	-0.00000105	15.52892772
-978.38300000	0.00180000	0.00012016	482761.66872026	0.00008198	55.49230926
-968.51000000	0.00185000	0.00012783	482592.07388234	-0.00009187	-28.72076532
-958.29300000	0.00085000	0.00012939	482243.80888753	-0.00000068	16.33363269
-948.07600000	0.00110000	0.00012733	482361.08839402	-0.00009459	-29.76091994
-938.20300000	0.00150000	0.00012528	482592.91817967	0.00008438	56.97496760
-928.04300000	0.00050000	0.00013185	482449.25518257	-0.00009400	-29.07378444
-917.82600000	0.00145000	0.00013611	482145.78195380	-0.00009596	-30.85672964
-907.95300000	0.00100000	0.00013225	482076.25897604	-0.00009659	-30.06923762
-897.79300000	0.00240000	0.00013615	482166.66258490	-0.00009717	-30.50185217
-887.86300000	0.00190000	0.00012741	481930.77559888	-0.00008946	-26.80015498
-877.70300000	0.00145000	0.00012990	482039.25742588	-0.00009963	-32.34048115
-867.48600000	0.00195000	0.00012695	481868.39951229	-0.00009401	-29.90503484
-857.32600000	0.00060000	0.00011900	481626.15394685	0.00008307	55.41514385
-847.39600000	0.00230000	0.00011947	481725.92624103	0.00008777	58.82390479
-837.17900000	0.00180000	0.00012282	482338.70271675	-0.00009561	-29.53731496
-827.01900000	0.00135000	0.00011764	482266.65268450	0.00008621	58.24026261
-817.14600000	0.00250000	0.00011891	481974.13553296	0.00008956	59.60725598
-806.98700000	0.00145000	0.00011291	481597.14793602	-0.00009261	-29.36041077
-796.76900000	0.00190000	0.00008879	481857.53268612	0.00004384	37.00878705
-786.83900000	0.00235000	0.00009397	481973.70215091	0.00005265	41.62441843
-776.67900000	0.00145000	0.00010860	482378.98749911	-0.00009354	-28.97212048
-766.52000000	0.00210000	0.00007718	482170.92525305	0.00004567	38.14022865
-756.64700000	0.00230000	0.00009934	482553.16746117	-0.00010083	-32.15412545
-746.43000000	0.00175000	0.00008313	482144.88430743	0.00005231	41.22105415
-736.27000000	0.00115000	0.00008184	482495.35445370	-0.00004598	-5.91659559
-726.39700000	0.00205000	0.00007198	482471.40025635	0.00004816	39.45708530
-716.18000000	0.00130000	0.00004526	482204.50826611	0.00000237	17.54209524
-706.02000000	0.00055000	0.00005539	482510.23891665	0.00005027	40.90630815
-696.09000000	0.00120000	0.00003278	482487.33632132	-0.00000315	15.21001023
-685.93000000	0.00150000	0.00005340	482793.61922455	0.00004704	38.73389528
-675.77000000	0.00210000	0.00003844	482692.91435683	0.00000745	20.37319850
-665.84000000	0.00240000	0.00003412	482657.31414296	-0.00000300	14.50255364
-655.68000000	0.00235000	0.00002587	482779.65232305	0.00000124	17.13063206
-645.46300000	0.00135000	0.00000952	482556.21144991	-0.00000211	15.81922668
-635.59000000	0.00110000	-0.00000166	482655.87886867	0.00000424	18.90508328
-625.43000000	0.00305000	0.00001350	482675.58182733	0.00000366	18.09218960
-615.21300000	0.00185000	0.00002636	482673.91268042	-0.00000358	14.61201276
-605.28300000	0.00040000	-0.00000016	482437.99707741	0.00000571	19.33491539
-595.12300000	0.00080000	-0.00000000	482526.69653397	0.00000248	17.38836081
-584.96300000	0.00245000	0.00001143	482479.68445648	-0.00000315	14.95193213
-575.03300000	0.00095000	0.00002822	482556.47045029	0.00000034	16.47968293
-564.87300000	0.00100000	-0.00000005	482550.21421832	0.00000163	17.21362960
-554.65600000	0.00165000	0.00001708	482400.26746707	0.00000016	16.43154259
-544.78300000	0.00025000	0.00001960	482517.30707872	-0.00000227	15.46820282
-534.62400000	0.00140000	0.00002155	482144.11116331	-0.00000018	16.08113544
-524.40600000	0.00240000	0.00001938	482086.66955360	0.00000489	18.86384844
-514.53400000	0.00115000	0.00003476	482196.76895389	-0.00000215	15.25532283
-504.31600000	0.00170000	0.00003744	481956.86802182	-0.00000149	15.28402738
-494.15700000	0.00120000	0.00004153	481858.29417508	-0.00000187	15.63620502
-484.22600000	0.00230000	0.00005323	481883.46553872	-0.00004790	-6.51293651
-474.06700000	0.00165000	0.00005869	481673.26687443	-0.00005124	-8.11778323
-463.84900000	0.00160000	0.00006023	481662.22348021	0.00004407	37.72912110
-453.97700000	0.00180000	0.00007172	481362.76442089	0.00004561	38.40258859
-443.81700000	0.00140000	0.00007977	481283.51191209	-0.00004927	-7.50169696
-433.60000000	0.00240000	0.00008485	481105.83920878	0.00004146	36.58767036
-423.72700000	0.00130000	0.00008913	480680.33402773	0.00004418	37.67315139
-413.51000000	0.00165000	0.00011569	480710.79537036	-0.00009309	-28.41528518
-403.35000000	0.00215000	0.00012550	480447.24363410	-0.00009459	-29.34031863
-393.47700000	0.00245000	0.00015285	480326.63096692	-0.00004722	-6.32017240
-383.26000000	0.00170000	0.00014021	479806.27567343	-0.00009296	-28.60658575
-373.10000000	0.00120000	0.00014750	479195.64642982	-0.00009239	-28.21534366
-362.88300000	0.00190000	0.00014815	478779.36954940	0.00008600	57.37221340
-353.01000000	0.00060000	0.00018725	479172.27213263	-0.00005020	-7.71576101
-342.79300000	0.00085000	0.00021709	479317.59401158	-0.00000673	14.22515517
-332.92000000	0.00095000	0.00019692	478245.74932088	0.00003875	35.32960717
-322.76000000	0.00130000	0.00022946	478533.57287329	-0.00000594	14.21126692
-312.54300000	0.00090000	0.00025800	478843.03568698	-0.00004616	-5.26691634
-302.61300000	0.00125000	0.00026300	478537.88020951	-0.00004682	-5.30716555
-292.45300000	0.00165000	0.00019672	476245.97398766	0.00012564	77.03582425
-282.29300000	0.00095000	0.00027039	478009.15082333	-0.00004792	-5.79794996
-272.07600000	0.00100000	0.00026582	478119.28184275	-0.00004726	-5.64163747
-262.20300000	0.00160000	0.00019823	476067.32496948	0.00012628	77.31682394
-252.04300000	0.00080000	0.00026832	478352.79408148	-0.00004670	-5.32083350
-242.11300000	0.00100000	0.00023962	477562.91622337	-0.00008796	-24.99873826
-231.95300000	0.00190000	0.00020478	476990.88445893	-0.00013582	-47.67427886
-221.73600000	0.00085000	0.00023519	478100.77210437	-0.00000754	13.70284764
-211.57600000	0.00065000	0.00022848	478106.92096614	-0.00000672	13.74113362
-201.64600000	0.00145000	0.00018477	477642.36425893	0.00012537	77.34338172
-191.48600000	0.00080000	0.00019739	478085.92668521	-0.00004868	-6.39990818
-181.32700000	0.00220000	0.00018062	477627.94226703	0.00012493	76.99514599
-171.39600000	0.00110000	0.00003261	481749.21705479	0.00000001	17.14750623
-161.23700000	0.00220000	0.00002988	481654.71528994	-0.00000002	16.93526093
-151.30600000	0.00250000	0.00007451	480838.41865100	-0.00004767	-5.88527120
-141.14700000	0.00155000	0.00007716	480850.13592821	0.00004512	38.57628320
-130.92900000	0.00155000	0.00008154	480701.75572854	0.00004532	38.65921112
-120.77000000	0.00080000	0.00010904	480618.13625191	-0.00009398	-27.77037048
-110.83900000	0.00125000	0.00017802	478009.70006043	0.00012403	76.78003066
-100.68000000	0.00095000	0.00025803	478587.45516529	-0.00004649	-5.05739547
-90.52000000	0.00060000	0.00022413	479017.52304384	-0.00000415	15.37575567
-80.59000000	0.00100000	0.00020103	477420.80276244	-0.00013559	-47.35905313
-70.43000000	0.00080000	0.00021127	479208.42149529	-0.00000585	14.74441375
-60.21300000	0.00065000	0.00017359	479461.74901959	0.00003976	36.48505207
-50.34000000	0.00110000	0.00016831	479223.37753993	-0.00013647	-48.22992831
-40.18000000	0.00145000	0.00011639	480064.74153148	0.00008764	59.61181360
-29.96300000	0.00145000	0.00007928	480933.22558814	0.00004673	39.85324730
-20.09000000	0.00255000	0.00006839	481190.43253657	-0.00004950	-6.35621724
-9.87300000	0.00120000	0.00006163	481468.19141449	0.00004705	40.10984788
0.00000000	0.00110000	0.00005968	481270.57811775	-0.00005077	-6.94747604
9.93000000	0.00310000	0.00005224	481207.37421384	0.00000212	18.45698494
20.09000000	0.00175000	0.00007146	481034.25314860	0.00004836	40.57885929
29.96300000	0.00125000	0.00007359	480859.28077498	0.00004571	39.38425764
40.18000000	0.00160000	0.00008370	480798.72528552	0.00004564	39.28551456
50.34000000	0.00135000	0.00010440	480703.18691892	-0.00000424	15.92231289
60.27000000	0.00210000	0.00011730	480538.00928352	-0.00009545	-28.19157313
70.43000000	0.00140000	0.00011401	480149.54144977	0.00008619	59.20345031
80.59000000	0.00165000	0.00011683	480253.62801529	0.00008916	60.45461660
90.46200000	0.00115000	0.00012553	480162.39429291	-0.00009576	-28.41668636
100.68000000	0.00070000	0.00013117	480135.14343156	-0.00000285	16.28537979
110.83900000	0.00065000	0.00013587	479864.56819821	-0.00009475	-27.81445933
120.77000000	0.00100000	0.00013366	479476.49997255	0.00008543	58.73822896
130.92900000	0.00190000	0.00016561	479825.73882024	-0.00004775	-5.20766577
141.08900000	0.00075000	0.00016985	479801.85653867	-0.00005144	-7.02120747
151.30600000	0.00120000	0.00016861	479356.38638977	0.00003853	36.05549361
161.17900000	0.00070000	0.00017050	479395.11649814	0.00003645	35.21316810
171.33900000	0.00075000	0.00017337	479410.52361111	-0.00004820	-5.64721532
181.26900000	0.00210000	0.00014653	478790.30299385	0.00008617	58.97008616
191.42900000	0.00245000	0.00014575	478805.18519745	0.00008791	59.95416892
201.58900000	0.00120000	0.00017179	479180.64037259	-0.00013702	-48.12167715
211.51900000	0.00055000	0.00017709	479374.13734553	-0.00004890	-5.64939422
221.67900000	0.00090000	0.00017216	479308.07702871	0.00003863	36.41787779
231.89600000	0.00100000	0.00016986	479505.65426019	-0.00013397	-46.41213585
242.05600000	0.00125000	0.00016735	479555.71109087	-0.00013472	-46.91848433
251.92900000	0.00165000	0.00014539	479264.25836664	-0.00009218	-25.94798891
262.08800000	0.00095000	0.00013660	479319.09828027	0.00008797	60.26937034
272.01900000	0.00085000	0.00014155	479548.81593279	-0.00009618	-28.39475264
282.17800000	0.00195000	0.00013330	479665.11292771	0.00008659	59.58729212
292.33800000	0.00100000	0.00013723	479939.76460021	-0.00009468	-27.58392888
302.55500000	0.00125000	0.00013080	479890.80674420	-0.00000372	16.14849526
312.42800000	0.00115000	0.00013074	480234.23299864	-0.00000405	15.73261650
322.58800000	0.00105000	0.00012030	480409.88695520	-0.00009385	-27.02006764
332.80500000	0.00220000	0.00011375	480546.15957859	0.00008733	60.19266343
342.67800000	0.00110000	0.00011042	480660.58394950	0.00009001	61.53229360
352.83800000	0.00280000	0.00009153	480639.96874281	0.00004631	40.09920118
362.76800000	0.00155000	0.00008762	480675.09300090	0.00004264	38.54819328
372.92800000	0.00205000	0.00008609	480801.35162770	0.00004324	38.61445297
383.08800000	0.00145000	0.00008182	481035.42137493	0.00004598	39.97772838
393.30500000	0.00270000	0.00008191	481099.88607473	0.00004480	39.60343172
403.17800000	0.00255000	0.00008092	481122.82894300	-0.00004772	-4.87424832
413.39500000	0.00210000	0.00007235	481395.53340205	0.00004708	41.06922785
423.55500000	0.00210000	0.00006970	481514.29804068	-0.00004830	-4.77086168
433.42700000	0.00250000	0.00007251	481498.23904546	-0.00004755	-4.62936111
443.64500000	0.00045000	0.00006440	481695.58065420	-0.00004995	-5.79511007
453.80400000	0.00220000	0.00006148	481801.76387365	-0.00004502	-3.65067024
463.67700000	0.00255000	0.00005911	481782.08630070	0.00004768	41.09349927
473.83700000	0.00090000	0.00005503	481813.91169440	0.00004965	42.12907682
484.05400000	0.00120000	0.00005122	482015.48289709	-0.00005190	-6.95795797
493.92700000	0.00195000	0.00003449	482085.23507666	0.00000200	19.10812056
504.08700000	0.00260000	0.00002980	482210.88899368	-0.00000048	17.88316465
514.30400000	0.00240000	0.00001917	482283.07698648	-0.00000016	18.17110689
524.17700000	0.00165000	0.00002767	482440.12211110	0.00000400	20.22690878
534.39400000	0.00145000	0.00002134	482445.38387508	0.00000203	19.14370305
544.55400000	0.00100000	0.00000889	482499.02966070	-0.00000301	16.62143368
554.42700000	0.00280000	0.00000950	482657.81527729	-0.00000129	17.52546092
564.58600000	0.00130000	0.00002531	482640.31860319	0.00000354	19.63133589
574.80400000	0.00040000	0.00002570	482553.84366254	-0.00000222	16.84259663
584.73400000	0.00150000	0.00003233	482362.61214454	-0.00000132	17.20130016
594.89400000	0.00235000	0.00005523	482310.90380952	0.00004979	42.19478030
605.05300000	0.00110000	0.00006504	482268.53914720	-0.00005000	-5.99026199
614.92600000	0.00135000	0.00007159	482089.03355328	0.00004847	41.59764011
625.14300000	0.00125000	0.00008092	481718.95667781	-0.00005170	-6.71700471
635.30300000	0.00070000	0.00008684	481482.99722590	0.00004439	39.89251455
645.17600000	0.00135000	0.00011961	481465.41091750	-0.00009609	-28.04144429
655.39300000	0.00075000	0.00012820	481223.97253149	-0.00000542	15.86137550
665.55300000	0.00225000	0.00013566	480832.39298308	-0.00009328	-26.53975504
675.42600000	0.00180000	0.00014536	480537.24800896	-0.00009429	-27.25687935
685.64300000	0.00070000	0.00017891	480722.88719139	-0.00004970	-5.68474068
695.74500000	0.00120000	0.00020836	480702.22663654	-0.00000576	15.34974997
705.67600000	0.00075000	0.00019076	479624.77231132	-0.00013610	-47.38370803
715.83500000	0.00170000	0.00019562	479087.26155127	-0.00013412	-45.85591805
726.05300000	0.00160000	0.00023422	479438.54659931	-0.00000589	15.48475452
735.92500000	0.00195000	0.00019680	478037.25077787	0.00012525	77.90140788
746.08500000	0.00065000	0.00027335	479459.62611246	-0.00004822	-5.24645139
756.30200000	0.00155000	0.00023785	478008.27008966	-0.00017184	-64.54872519
766.17500000	0.00170000	0.00024511	477714.35296241	0.00007843	55.87295433
776.33500000	0.00080000	0.00031386	479306.01475433	-0.00000865	14.19344963
786.49500000	0.00065000	0.00022690	477164.11712221	0.00000276	-3.26936324
796.42500000	0.00300000	0.00029122	478227.19932828	-0.00004655	-4.37040160
806.58500000	0.00095000	0.00029450	477855.09048277	-0.00004779	-4.85310675
816.74500000	0.00050000	0.00029754	477725.79045612	-0.00005018	-5.91266588
826.67500000	0.00120000	0.00029794	477484.77615175	0.00003336	34.03873629
836.83500000	0.00195000	0.00025340	476159.23724943	-0.00017588	-65.90727672
846.99400000	0.00070000	0.00032450	478885.51750564	-0.00000830	13.99587691
856.86700000	0.00100000	0.00030101	477923.33906338	-0.00004805	-5.48202568
867.08400000	0.00225000	0.00025271	476496.40251150	-0.00017643	-66.09735906
877.30200000	0.00145000	0.00025015	476826.43818818	-0.00017751	-67.09478209
887.46100000	0.00125000	0.00029035	478526.36760765	0.00003271	33.30312858
897.33400000	0.00065000	0.00029235	478887.69090230	-0.00004538	-3.53363819
907.49400000	0.00155000	0.00020938	476955.72017413	0.00013137	80.10200557
917.42400000	0.00055000	0.00027321	479760.60631683	0.00003285	33.68422070
927.58400000	0.00145000	0.00024393	479180.91884828	-0.00000648	14.95662475
937.80100000	0.00260000	0.00019348	478729.49968171	0.00012861	79.27323784
947.61700000	0.00090000	0.00023031	480297.38733940	-0.00000605	15.09287506
957.83400000	0.00155000	0.00022582	481052.04888370	-0.00009038	-25.68220202
967.99400000	0.00160000	0.00015404	480086.42249742	0.00008681	59.49396313
977.86600000	0.00035000	0.00018539	481778.22178890	-0.00004742	-5.34866602
988.08400000	0.00150000	0.00017248	482133.71379296	-0.00004731	-5.08376055
998.24300000	0.00270000	0.00013298	482253.53019655	0.00009140	61.56796136
1008.11600000	0.00185000	0.00013223	482843.39390459	-0.00009345	-27.62904964
1018.33300000	0.00105000	0.00011534	483276.86889488	-0.00009580	-28.64782002
1028.49300000	0.00130000	0.00010292	483863.78326767	-0.00010023	-30.47014389
1038.65300000	0.00090000	0.00006370	484023.71564486	0.00004684	40.39200641
1048.58300000	0.00185000	0.00006014	485268.05141916	0.00005318	44.31802231
1058.74300000	0.00120000	0.00004575	485086.67902206	0.00000338	19.63725389
1068.61600000	0.00070000	0.00002254	485396.68700245	0.00000777	21.31752054
1078.83300000	0.00145000	-0.00000003	485627.32441808	0.00000722	21.06279875
1088.99300000	0.00240000	0.00001767	485869.00406810	-0.00000348	15.59716020
1098.92300000	0.00225000	0.00000008	486147.31416777	-0.00000563	15.20749033
1109.31200000	0.00050000	-0.00000007	489953.56756532	-0.00011845	-54.00669939
