-1109.71400000	0.00053000	0.00006746	514348.60415796	-0.00004007	3.47296262
-1099.49700000	0.00078000	0.00006372	515028.46434417	0.00004017	14.23173536
-1089.45200000	0.00026000	0.00006000	515297.45131117	-0.00006136	-7.49133318
-1079.29200000	0.00067000	0.00004507	515259.25678632	0.00003802	43.82932795
-1069.13200000	0.00073000	0.00005377	515677.02445477	-0.00005106	-2.01538658
-1059.20200000	0.00065000	0.00004579	515835.76271951	0.00003975	14.44403005
-1049.04200000	0.00063000	0.00004979	516261.65666788	-0.00005133	-2.29472364
-1039.17000000	0.00080000	0.00004438	516738.75725275	-0.00004026	3.62848201
-1028.95200000	0.00087000	0.00004140	517023.59648534	-0.00004132	3.30025902
-1018.79300000	0.00113000	0.00003368	517168.43289013	0.00000804	28.80833679
-1008.57500000	0.00017000	0.00003178	517700.12197459	-0.00002877	9.61347331
-998.76000000	0.00098000	0.00003094	518199.73283032	-0.00003143	8.12002103
-988.54300000	0.00078000	0.00002485	518402.40991623	-0.00002045	14.10715495
-978.38300000	0.00107000	0.00001652	518616.08168098	0.00000934	-1.35336850
-968.51000000	0.00134000	0.00000887	518710.18913657	-0.00000164	-6.88451474
-958.35000000	0.00120000	0.00001042	519154.11225294	0.00001131	30.54331986
-948.13300000	0.00043000	0.00001404	519379.44247655	-0.00001180	-12.20513089
-938.20300000	0.00089000	0.00000820	519493.67975929	-0.00000181	23.69361889
-928.04300000	0.00033000	0.00000006	519634.82025837	-0.00000216	23.71854026
-917.88300000	0.00077000	-0.00000000	519687.05286160	-0.00000325	-7.70381810
-907.95300000	0.00060000	0.00000003	519538.45123993	-0.00000452	-8.24865820
-897.79300000	0.00084000	0.00000344	519664.65206771	0.00000101	25.56518751
-887.86300000	0.00080000	-0.00000008	519338.55700087	0.00001105	30.53213787
-877.70300000	0.00123000	0.00001186	519177.18012386	0.00000895	29.59302120
-867.48600000	0.00059000	0.00001200	518809.70562833	0.00001181	30.95081600
-857.26900000	0.00082000	0.00001127	518754.72002338	0.00001005	30.07349020
-847.39600000	0.00085000	0.00001549	518314.73810426	0.00001163	30.92750109
-837.17900000	0.00111000	0.00002199	517747.03970813	0.00001893	34.72800539
-827.01900000	0.00066000	0.00002449	517531.83892329	0.00001990	35.19685857
-817.14600000	0.00088000	0.00002586	516946.84674901	0.00001843	34.48677708
-806.98700000	0.00051000	0.00003984	516700.81906377	-0.00004107	3.87590001
-796.76900000	0.00056000	0.00003981	516016.23730213	-0.00004139	3.56499972
-786.89700000	0.00058000	0.00004383	515328.81188577	-0.00004061	4.08189877
-776.67900000	0.00054000	0.00004609	515023.70498676	-0.00003870	-25.49072208
-766.52000000	0.00104000	0.00005405	514552.10618865	-0.00005035	-0.95128311
-756.58900000	0.00044000	0.00006278	513952.51033947	-0.00005901	-5.31165237
-746.43000000	0.00086000	0.00005604	513766.13006864	-0.00002845	-20.22008371
-736.21200000	0.00100000	0.00006442	512957.58282617	-0.00005638	-34.28328618
-726.34000000	0.00113000	0.00007242	512625.08579593	-0.00006956	-10.59493407
-716.18000000	0.00120000	0.00007315	512350.17834071	-0.00006697	-39.79528253
-706.02000000	0.00104000	0.00007453	511918.18120233	-0.00006881	-9.88755821
-696.09000000	0.00125000	0.00007650	511346.46957483	-0.00006874	-10.03410576
-685.93000000	0.00130000	0.00006770	510624.07793814	0.00005594	53.73523783
-675.77000000	0.00046000	0.00009189	511194.65857919	0.00001064	-0.04082283
-665.84000000	0.00111000	0.00008460	510556.53726524	0.00007633	33.68743250
-655.68000000	0.00135000	0.00008639	509962.52934304	-0.00000213	24.25958593
-645.46300000	0.00070000	0.00009567	509839.93318181	-0.00001275	18.61545374
-635.59000000	0.00118000	0.00009651	509333.93916359	-0.00008792	-19.56167756
-625.43000000	0.00120000	0.00007979	508555.21319152	0.00006676	59.06990326
-615.21300000	0.00128000	0.00007821	508250.73571039	0.00006618	58.79417373
-605.28300000	0.00110000	0.00010496	508840.88251328	-0.00002180	14.06168979
-595.12300000	0.00086000	0.00008039	507540.60508299	0.00006739	59.27077319
-584.96300000	0.00095000	0.00008132	507148.56784128	0.00006744	59.28885033
-575.03300000	0.00104000	0.00010726	507568.45417283	-0.00009710	-24.20057269
-564.87300000	0.00134000	0.00010701	507494.75867480	-0.00009696	-24.00033614
-554.65600000	0.00136000	0.00010693	507001.22994193	0.00001583	33.04331607
-544.78300000	0.00129000	0.00010639	506598.31523712	0.00009596	43.47271510
-534.62400000	0.00149000	0.00009762	505745.63366371	0.00006457	57.63394988
-524.40600000	0.00062000	0.00011663	506133.29731286	0.00006586	28.37181994
-514.53400000	0.00128000	0.00011650	505864.35129823	0.00002561	38.10484041
-504.31600000	0.00115000	0.00010777	504834.52425293	-0.00009480	-52.82347276
-494.15700000	0.00085000	0.00013564	505447.11447650	-0.00008753	-19.04942267
-484.22600000	0.00046000	0.00014459	505032.56245438	-0.00001746	-13.78771719
-474.06700000	0.00133000	0.00012696	503262.51958259	0.00011370	52.28457311
-463.90700000	0.00161000	0.00015384	504374.49597642	0.00002856	9.54275442
-453.97700000	0.00055000	0.00015580	503524.72376937	0.00002735	8.94324622
-443.81700000	0.00146000	0.00016452	503033.18963194	-0.00002287	13.41714114
-433.65700000	0.00053000	0.00016589	502335.13779593	0.00003676	13.50310758
-423.72700000	0.00095000	0.00017483	502295.75047635	-0.00006780	-9.07077825
-413.56700000	0.00084000	0.00017702	501276.35816120	-0.00000827	-8.88451378
-403.35000000	0.00062000	0.00018571	501226.83069910	-0.00004098	4.42251131
-393.47700000	0.00084000	0.00018801	499764.87914714	-0.00002281	13.89586664
-383.31700000	0.00129000	0.00020384	500358.23160471	-0.00005876	-4.56174908
-373.10000000	0.00104000	0.00019681	499208.50087167	-0.00008603	-17.82216893
-362.94000000	0.00108000	0.00020691	499354.53346641	-0.00005888	-4.37028135
-353.01000000	0.00101000	0.00021468	499250.97876019	-0.00006784	-8.87791306
-342.85000000	0.00129000	0.00020651	498138.20347239	-0.00000463	22.82482119
-332.92000000	0.00076000	0.00022376	498909.81998668	-0.00004161	4.22383145
-322.76000000	0.00094000	0.00021720	497857.87451638	-0.00006814	-8.92472458
-312.54300000	0.00124000	0.00021761	497883.51270281	-0.00006801	-8.86112167
-302.67000000	0.00149000	0.00021636	497808.59553185	-0.00003202	9.10336817
-292.51000000	0.00073000	0.00021638	497603.01789036	0.00002805	9.22473747
-282.29300000	0.00119000	0.00021655	497650.15875760	-0.00001424	18.03983734
-272.13300000	0.00118000	0.00021607	497833.58131559	-0.00002587	-17.46300141
-262.20300000	0.00138000	0.00019829	496756.87164280	0.00002401	36.93546924
-252.04300000	0.00124000	0.00020638	498323.57294495	-0.00009544	-22.30088734
-242.17100000	0.00109000	0.00019838	498678.66482399	-0.00001345	18.54083223
-231.95300000	0.00109000	0.00018884	499482.26564415	-0.00002240	14.18313685
-221.73600000	0.00100000	0.00017769	500685.41332877	-0.00003185	9.49915913
-211.57600000	0.00077000	0.00016786	500310.33620242	-0.00000336	23.58050907
-201.70400000	0.00154000	0.00016737	502039.03954565	0.00001909	4.86569272
-191.48600000	0.00082000	0.00014894	502564.66497326	-0.00000326	23.55171300
-181.32700000	0.00057000	0.00014676	504039.53214895	-0.00007791	-13.89671081
-171.39600000	0.00098000	0.00011069	503607.39105060	-0.00009652	-53.17437531
-161.23700000	0.00102000	0.00011726	505688.32458841	0.00000583	28.53298594
-151.30600000	0.00094000	0.00011544	507578.58856266	0.00001029	0.72924463
-141.14700000	0.00113000	0.00008774	507881.73821559	-0.00007640	-43.29999063
-130.98700000	0.00106000	0.00008580	508949.39886688	0.00007605	34.13315490
-120.77000000	0.00107000	0.00008416	509967.50473940	0.00007649	34.51564499
-110.83900000	0.00101000	0.00006686	510044.02503965	0.00005773	55.37908181
-100.68000000	0.00082000	0.00006649	510388.88903389	0.00005588	54.31865639
-90.46200000	0.00134000	0.00007739	510527.25428273	0.00002918	10.42118341
-80.59000000	0.00037000	0.00007709	509951.43691568	0.00002630	39.21974690
-70.43000000	0.00064000	0.00007602	508624.67740477	0.00006432	58.64902382
-60.21300000	0.00042000	0.00010562	507829.72974280	-0.00007800	-13.72103887
-50.34000000	0.00149000	0.00012569	506425.30114706	-0.00001746	-13.13804032
-40.12300000	0.00092000	0.00014645	503913.59496412	-0.00002225	14.42308308
-29.96300000	0.00080000	0.00017671	501009.50088445	-0.00004483	-26.72298833
-20.09000000	0.00068000	0.00020749	498597.53943169	-0.00001718	-13.04610023
-9.87300000	0.00079000	0.00024685	495857.00422086	0.00000102	-3.46445078
0.00000000	0.00140000	0.00026961	491431.74571648	-0.00002331	13.80507823
9.93000000	0.00104000	0.00032606	490200.44148995	-0.00005882	-3.42182461
20.09000000	0.00131000	0.00036775	485977.66978369	-0.00004169	4.29909247
29.96300000	0.00107000	0.00038812	483980.33334436	-0.00005895	-3.66754074
40.18000000	0.00145000	0.00039694	484198.86209989	-0.00005022	0.48875359
50.34000000	0.00055000	0.00023522	497727.66973622	-0.00005000	0.43071852
60.27000000	0.00087000	0.00016073	498922.77576150	-0.00006557	-36.85428240
70.43000000	0.00097000	0.00014734	503497.88720449	-0.00000368	23.75269776
80.59000000	0.00091000	0.00008955	505611.73004596	0.00007566	64.19039210
90.52000000	0.00044000	0.00008495	510567.82555910	0.00005731	24.89029925
100.68000000	0.00120000	0.00005647	512571.59109922	0.00004876	20.97957164
110.83900000	0.00140000	0.00008388	510435.52232963	0.00007726	35.33141662
120.77000000	0.00065000	0.00006229	512658.29565881	-0.00005823	-33.97612487
130.92900000	0.00127000	0.00004143	514861.28895314	-0.00004006	5.72225099
141.08900000	0.00084000	0.00002282	516241.15630979	0.00001937	36.36787105
151.30600000	0.00096000	0.00001545	516985.10133219	-0.00000918	21.63132954
161.17900000	0.00111000	0.00000143	517052.90919871	0.00000079	-3.73501128
171.33900000	0.00128000	0.00002133	516308.99568583	0.00001883	36.21905219
181.26900000	0.00078000	0.00003292	515423.11750023	-0.00003147	10.36915827
191.42900000	0.00052000	0.00003417	515110.44584448	0.00000834	30.87013571
201.58900000	0.00079000	0.00004610	513926.04582416	-0.00003886	-23.92344007
211.46200000	0.00066000	0.00007444	511222.54400435	-0.00001300	19.90120496
221.67900000	0.00088000	0.00006818	510017.53654422	0.00005694	55.52765244
231.83900000	0.00105000	0.00008741	508887.72544964	0.00007728	35.31155831
241.99800000	0.00109000	0.00008078	507109.22181194	0.00006541	59.49194895
251.92900000	0.00122000	0.00008875	505533.16961274	0.00007510	64.48588895
262.08800000	0.00137000	0.00009817	504215.16824005	0.00008393	68.53830569
271.96100000	0.00084000	0.00012732	504244.77169370	-0.00011579	-32.17017358
282.12100000	0.00104000	0.00011863	502535.87726783	0.00006415	58.36173272
292.33800000	0.00073000	0.00013967	502483.93990123	0.00006641	29.47984025
302.49800000	0.00150000	0.00013086	500619.51940192	0.00005523	53.61507237
312.42800000	0.00122000	0.00014872	500684.38196310	-0.00013493	-41.29446361
322.58800000	0.00160000	0.00015723	500789.24038210	0.00002403	38.16869198
332.74800000	0.00057000	0.00018433	501959.06592951	-0.00004149	5.28893698
342.62100000	0.00091000	0.00015908	499757.63509057	0.00002493	38.57288178
352.78000000	0.00095000	0.00015781	499275.09959309	0.00010338	47.73908234
362.71100000	0.00083000	0.00018564	501405.75861289	-0.00005929	-3.71367984
372.87000000	0.00068000	0.00017586	501381.91774290	-0.00001373	19.40677838
383.08800000	0.00131000	0.00016757	500229.48227120	0.00001439	33.39743764
393.24700000	0.00126000	0.00015954	499668.53474010	-0.00006522	-36.07668259
403.12000000	0.00089000	0.00016895	500797.60154212	-0.00009642	-21.81622439
413.28000000	0.00090000	0.00015882	500519.90293546	-0.00012523	-36.30045323
423.49700000	0.00066000	0.00016669	502264.95738505	-0.00002283	15.09670096
433.37000000	0.00148000	0.00015838	502204.58061247	0.00004671	19.87904339
443.53000000	0.00145000	0.00013046	501759.86305500	0.00003620	44.38425912
453.74700000	0.00114000	0.00013862	502593.31271127	-0.00006560	-36.51942053
463.62000000	0.00125000	0.00014902	503126.06199113	-0.00003745	-22.16364782
473.78000000	0.00122000	0.00015577	503765.27053151	-0.00003215	10.50382368
483.99700000	0.00136000	0.00013079	502837.60538340	-0.00008115	-44.16579446
493.87000000	0.00115000	0.00013678	503837.62385656	-0.00012503	-36.33156903
504.02900000	0.00108000	0.00013585	504193.19650758	-0.00012488	-35.95420865
514.24700000	0.00099000	0.00012048	504084.26029991	0.00002641	39.88941855
524.11900000	0.00102000	0.00011993	504590.29920717	0.00008631	39.93326774
534.27900000	0.00145000	0.00011701	504715.40724400	0.00010367	48.82093365
544.49600000	0.00075000	0.00012778	505545.33699736	-0.00003739	-22.41730005
554.36900000	0.00103000	0.00012648	505776.76345327	-0.00011568	-31.44451211
564.52900000	0.00079000	0.00012672	505996.40669451	-0.00003634	-21.75460810
574.68900000	0.00086000	0.00011746	506206.95470289	0.00000687	30.25259592
584.61900000	0.00084000	0.00010902	505779.52446698	0.00007602	35.02697822
594.83600000	0.00106000	0.00010794	506062.32654661	-0.00007524	-41.30880489
604.99600000	0.00149000	0.00010856	506279.39697330	0.00007655	35.52616754
614.86900000	0.00084000	0.00011611	506953.33763323	-0.00004613	-26.41421953
625.02900000	0.00090000	0.00010657	506532.24412414	0.00009462	44.80327039
635.18800000	0.00110000	0.00011662	507101.65215776	-0.00010607	-26.52627771
645.11900000	0.00126000	0.00011694	507536.66578991	-0.00005022	1.66662303
655.27800000	0.00102000	0.00011601	507491.97508175	-0.00003191	10.93644737
665.43800000	0.00104000	0.00011349	508152.12398567	-0.00010721	-27.57072668
675.36800000	0.00077000	0.00010773	507622.47881057	-0.00000298	25.45170977
685.52800000	0.00152000	0.00008823	506981.12544007	0.00007495	65.02470774
695.68800000	0.00067000	0.00011610	508423.03505792	-0.00000928	-7.90730129
705.61800000	0.00104000	0.00009671	508122.22238887	0.00008523	40.18909626
715.77800000	0.00084000	0.00009666	508573.51977016	-0.00006601	-36.64772106
725.93800000	0.00064000	0.00009615	509186.85002453	0.00006669	30.98399948
735.81100000	0.00080000	0.00008770	509057.74265669	0.00007679	36.21581029
746.02800000	0.00071000	0.00009543	510235.26125194	-0.00008787	-17.59241613
756.18800000	0.00109000	0.00008587	510475.49829448	0.00007643	35.88137332
766.11800000	0.00073000	0.00008487	510822.09159057	0.00007673	36.27895749
776.22000000	0.00060000	0.00007798	511079.38378778	0.00006786	31.64548079
786.43700000	0.00057000	0.00008265	512293.64697698	-0.00002157	16.48666047
796.31000000	0.00053000	0.00007425	512782.97342800	-0.00006927	-8.01477782
806.47000000	0.00075000	0.00006452	513103.98774658	-0.00005772	-32.61918292
816.68700000	0.00114000	0.00006285	513977.27491075	-0.00000205	26.72401310
826.56000000	0.00113000	0.00005468	514653.44291546	0.00004885	22.29144963
836.72000000	0.00152000	0.00005209	515285.69567933	0.00004841	22.00664382
846.88000000	0.00108000	0.00004989	516062.76897481	-0.00005044	2.01503438
856.81000000	0.00101000	0.00003968	516424.11018296	0.00004061	18.74080144
866.97000000	0.00028000	0.00003259	517063.33425117	0.00003093	13.41208150
877.18700000	0.00079000	0.00002294	517559.02897554	0.00001837	37.67036856
887.34700000	0.00071000	0.00001676	518089.42040763	-0.00000891	-7.23245883
897.21900000	0.00156000	0.00001300	518548.03365954	-0.00001152	22.11444907
907.37900000	0.00122000	0.00001166	518975.71240773	0.00001120	3.25784092
917.30900000	0.00064000	0.00000484	519392.16310279	0.00000177	29.20951585
927.46900000	0.00079000	0.00000004	519592.25459452	-0.00000051	-2.75335980
937.62900000	0.00074000	0.00000135	519917.74473291	-0.00000379	-4.35221861
947.55900000	0.00075000	0.00000004	519981.30504482	-0.00000070	27.86838376
957.71900000	0.00091000	-0.00000001	520115.84585776	0.00000135	29.10813800
967.87900000	0.00089000	0.00000113	519893.74684857	0.00000058	-2.16081928
977.75200000	0.00015000	-0.00000000	519776.29157605	0.00000432	30.58166251
987.96900000	0.00068000	0.00002408	518213.99458211	-0.00002164	17.22533459
998.12900000	0.00019000	0.00002705	517843.60709283	-0.00001912	-12.26385531
1008.00100000	0.00104000	0.00004035	517706.51359784	-0.00004159	6.71512751
1018.16100000	0.00138000	0.00003561	517053.33825451	0.00002968	12.98617593
1028.32100000	0.00048000	0.00003526	516631.97515109	0.00002693	42.23411819
1038.53800000	0.00030000	0.00005159	516515.46518729	-0.00000916	-7.08286270
1048.41100000	0.00096000	0.00004717	515971.68926599	-0.00003673	-21.13931963
1058.57100000	0.00124000	0.00006141	516066.61072523	-0.00005948	-2.39172337
1068.50100000	0.00117000	0.00005662	515612.67214992	0.00004910	23.16556928
1078.60300000	0.00037000	0.00005579	515124.06968493	0.00004606	52.03082667
1088.82100000	0.00124000	0.00006380	515005.36625706	0.00005848	28.02885907
1098.75100000	0.00143000	0.00006596	514940.07190460	0.00005821	27.87559267
1108.91100000	0.00122000	0.00006674	514652.36505374	0.00005915	28.18210807
