-1110.40300000	0.00125000	0.00007257	475876.32882195	-0.00006769	-33.15232499
-1100.24300000	0.00119000	0.00006466	475807.10521611	0.00005816	26.63523214
-1090.31300000	0.00125000	0.00006358	476532.87768376	0.00005941	27.00502849
-1080.38300000	0.00059000	0.00005467	476900.64066091	-0.00004873	-24.51489460
-1070.33800000	0.00119000	0.00005333	477407.82954469	0.00005012	22.59753982
-1060.46500000	0.00122000	0.00004525	477618.71635317	-0.00003853	-19.73575152
-1050.13300000	0.00172000	0.00004388	478024.26026027	-0.00001800	-9.73800265
-1040.20300000	0.00062000	0.00004306	478626.97704371	-0.00004117	7.35368543
-1029.98600000	0.00056000	0.00003474	478627.24140432	0.00002946	12.60130514
-1019.82600000	0.00149000	0.00003581	479155.42304760	0.00003044	13.27905215
-1009.83800000	0.00033000	0.00003328	479363.51953506	0.00003091	13.61743394
-999.96500000	0.00069000	0.00002384	479216.25153323	0.00001838	36.01338247
-989.80600000	0.00098000	0.00003168	479520.90525790	-0.00003152	12.28005966
-979.70300000	0.00169000	0.00002133	479622.28991692	0.00002026	36.91044543
-969.77300000	0.00157000	0.00002983	479534.49886709	-0.00003043	-15.72615435
-959.61300000	0.00126000	0.00002664	479121.28307475	-0.00001502	-8.34449299
-949.28100000	0.00136000	0.00003112	479026.53211634	-0.00002972	13.23102253
-939.29400000	0.00048000	0.00003017	479125.31367791	-0.00003242	11.88263383
-929.13400000	0.00072000	0.00003304	478971.39570887	-0.00002876	13.40898666
-919.03100000	0.00154000	0.00003553	478407.80574868	0.00002838	12.43970717
-909.15900000	0.00043000	0.00003578	478102.99690022	0.00003028	13.38138749
-898.88400000	0.00077000	0.00004177	478013.92999391	-0.00003866	-19.47434388
-889.01100000	0.00138000	0.00004279	477689.86174064	-0.00003828	-19.48888181
-878.79400000	0.00098000	0.00004458	477281.19544361	-0.00004064	-20.35092552
-868.51900000	0.00093000	0.00004583	477116.82655091	-0.00003776	-19.15892933
-858.30200000	0.00076000	0.00004506	476681.07701285	0.00003882	17.35971353
-848.42900000	0.00113000	0.00005222	476934.54805674	-0.00004908	-24.56749077
-838.15500000	0.00063000	0.00005244	476509.94065419	-0.00004935	-24.80187207
-827.93800000	0.00046000	0.00005465	476431.19470787	-0.00004679	-23.41934667
-818.12200000	0.00108000	0.00005435	476309.97520376	-0.00005087	2.84768801
-807.84800000	0.00079000	0.00005338	476402.98242748	0.00004791	21.38013360
-797.51600000	0.00060000	0.00004687	476276.71985125	-0.00003869	-19.65485164
-787.47100000	0.00050000	0.00004781	476602.34197999	0.00001727	35.39553048
-777.31100000	0.00061000	0.00004595	476526.09659983	-0.00001940	-10.44172504
-767.09400000	0.00077000	0.00005073	477208.73434518	-0.00005019	-25.44494434
-757.27800000	0.00167000	0.00003589	477055.89734889	0.00002729	39.94917894
-747.06100000	0.00184000	0.00004201	477445.34130123	-0.00004152	7.18797895
-736.90100000	0.00118000	0.00003409	477661.68383446	0.00003083	13.46270432
-726.97100000	0.00140000	0.00003234	477898.67881012	0.00002974	13.21726747
-716.81100000	0.00075000	0.00002982	478299.10024381	0.00003148	13.96559461
-706.59400000	0.00073000	0.00002220	478506.07099715	-0.00002039	-11.04632072
-696.72100000	0.00125000	0.00001906	478845.66379078	-0.00002113	-11.32877765
-686.56100000	0.00060000	0.00001251	479047.58992707	0.00001237	33.03764721
-676.40200000	0.00076000	0.00001545	479191.84361559	0.00001021	3.77232089
-666.52900000	0.00084000	0.00000697	479224.06764595	0.00001397	5.25890822
-656.36900000	0.00164000	0.00001261	479468.89135181	0.00001040	4.02422599
-646.15200000	0.00039000	0.00000551	479405.79983268	-0.00000041	27.25787355
-636.27900000	0.00082000	0.00001325	479459.52970276	0.00001448	34.20032795
-626.06200000	0.00053000	0.00000510	479313.77294253	0.00000133	-0.36700976
-615.84500000	0.00124000	0.00001198	479198.44633108	0.00001242	5.04798447
-605.97200000	0.00105000	0.00001023	479021.06451667	-0.00001309	-7.25380705
-595.75500000	0.00111000	0.00000857	478809.78268921	-0.00000152	26.60902516
-585.53700000	0.00038000	0.00001423	478627.60562068	-0.00001122	-6.46948233
-575.60700000	0.00129000	0.00001892	478451.76996277	-0.00002188	-11.42535157
-565.44700000	0.00142000	0.00002176	478222.73719955	-0.00001938	-10.39218567
-555.23000000	0.00107000	0.00002182	478099.98386767	0.00002171	9.50258183
-545.30000000	0.00185000	0.00002358	477986.33051330	-0.00002010	-10.74469393
-535.14000000	0.00118000	0.00002498	477696.14640992	-0.00001934	-10.21695527
-524.92300000	0.00069000	0.00002576	477550.52877384	0.00002187	9.51296660
-514.99300000	0.00119000	0.00002449	477585.36901091	0.00002076	9.09302417
-504.83300000	0.00088000	0.00002199	477727.53027980	-0.00002051	-10.63575064
-494.61600000	0.00061000	0.00002301	477624.99327447	0.00002168	9.63409570
-484.74300000	0.00118000	0.00002331	477854.04783312	0.00002020	37.05285052
-474.52600000	0.00050000	0.00001103	477787.53330918	-0.00000907	-4.97394658
-464.36600000	0.00093000	0.00001615	478016.78538952	-0.00000706	-4.37668224
-454.43600000	0.00017000	0.00001573	478204.97184992	-0.00000985	22.80241157
-444.21900000	0.00053000	0.00001404	478388.61987659	-0.00001180	-6.37556833
-434.05900000	0.00055000	0.00001112	478585.20121965	-0.00001305	-6.94561085
-424.12900000	0.00111000	0.00000085	478755.16915366	0.00000411	1.35641351
-413.91100000	0.00068000	0.00000098	478888.34477515	-0.00000154	26.85669910
-403.75200000	0.00124000	-0.00000001	478876.65154972	0.00001219	5.22987921
-393.82100000	0.00074000	-0.00000156	478699.96550096	0.00000131	0.18467211
-383.66200000	0.00037000	0.00000000	478688.09994531	0.00000352	1.15022784
-373.44400000	0.00017000	0.00001628	478307.69200995	0.00001215	5.29214040
-363.22700000	0.00116000	0.00001467	477913.54473412	0.00000932	4.13947104
-353.35400000	0.00078000	0.00002332	477418.68038494	-0.00002107	17.74329660
-343.13700000	0.00187000	0.00002779	476698.79018323	0.00000047	-0.21615453
-333.20700000	0.00152000	0.00004244	475932.12067258	0.00003918	18.07462241
-323.04700000	0.00150000	0.00004541	475004.16118422	0.00003888	18.17242355
-312.83000000	0.00111000	0.00006221	474301.41298015	0.00005814	27.04082402
-302.90000000	0.00066000	0.00006549	473063.69803159	-0.00005917	-28.50814213
-292.74000000	0.00118000	0.00007593	472030.06257226	-0.00006675	-31.96681008
-282.52300000	0.00118000	0.00008566	470946.75561404	-0.00007626	-36.21685010
-272.36300000	0.00122000	0.00009490	469871.13125703	-0.00008642	-40.89102680
-262.43300000	0.00086000	0.00010766	469154.22481766	-0.00000002	-0.27491407
-252.27300000	0.00132000	0.00009961	467542.89577830	-0.00008533	-40.04938734
-242.34300000	0.00106000	0.00010935	466896.74916263	-0.00009626	-44.95326463
-232.12600000	0.00133000	0.00011744	466052.95765419	-0.00010457	-48.86135393
-221.96600000	0.00121000	0.00012670	465479.91861704	-0.00009466	-44.23145828
-211.74900000	0.00163000	0.00014622	465635.29496575	0.00001909	8.62537493
-201.87600000	0.00120000	0.00012855	464719.41111451	-0.00009557	-44.65543185
-191.65900000	0.00117000	0.00012768	464060.09335187	0.00011353	52.74889325
-181.49900000	0.00066000	0.00013653	464765.58465615	-0.00008475	-39.49929793
-171.56900000	0.00171000	0.00012714	464141.38853780	0.00011359	52.31186617
-161.35100000	0.00113000	0.00011897	464692.29221372	-0.00010507	-48.90329945
-151.47900000	0.00107000	0.00009995	464889.92692318	0.00008533	67.48871265
-141.26100000	0.00125000	0.00011079	466803.29051857	0.00009488	44.42451398
-131.04400000	0.00098000	0.00010690	467883.73971824	0.00009566	44.87889412
-120.88400000	0.00086000	0.00008074	468477.86990856	0.00006695	59.42925194
-110.95400000	0.00107000	0.00008663	470417.47490563	-0.00007734	-36.19502902
-100.73700000	0.00144000	0.00007598	471832.49175807	0.00006718	31.87613581
-90.57700000	0.00171000	0.00006354	473428.93496781	-0.00005802	-27.56568467
-80.64700000	0.00098000	0.00005162	474981.76912873	-0.00004848	-22.86468223
-70.48700000	0.00101000	0.00003986	476467.76274693	0.00004114	19.71244639
-60.32700000	0.00109000	0.00002058	477459.90246027	0.00002062	10.00489976
-50.39700000	0.00097000	0.00001034	478338.19964511	0.00001250	6.19743067
-40.18000000	0.00093000	0.00000009	478673.40850144	-0.00001399	21.84094056
-29.96300000	0.00138000	-0.00000116	478527.16410897	0.00000040	0.47994381
-20.09000000	0.00119000	0.00002204	477611.96928649	0.00001992	38.19387862
-9.87300000	0.00147000	0.00004103	475962.81102227	0.00003936	19.13665506
0.00000000	0.00064000	0.00006290	473487.94802492	0.00005795	27.90823389
9.93000000	0.00068000	0.00008643	470658.00136246	-0.00007699	-35.89371174
20.09000000	0.00113000	0.00010937	466504.05275868	0.00009589	44.99426288
30.02000000	0.00077000	0.00020788	458622.37931996	-0.00011588	-25.30437195
40.18000000	0.00127000	0.00025741	454447.23352372	0.00004528	20.50411924
50.39700000	0.00082000	0.00030612	451775.15228432	-0.00000002	0.23294924
60.27000000	0.00078000	0.00023608	457971.05155629	-0.00005143	4.28213154
70.48700000	0.00109000	0.00019908	457772.40751515	0.00006573	29.92633181
80.64700000	0.00095000	0.00017646	462839.59713577	-0.00002764	-12.10861431
90.57700000	0.00118000	0.00007630	471764.57015578	-0.00006775	-31.36955190
100.73700000	0.00082000	0.00011730	465457.75106750	0.00010435	49.08937748
110.95400000	0.00169000	0.00014964	461697.61233261	-0.00009550	-43.16753855
120.88400000	0.00111000	0.00021546	459586.47816780	-0.00008714	-11.95235431
131.04400000	0.00104000	0.00011905	464305.26217049	0.00010559	49.75358633
141.20400000	0.00075000	0.00010818	467005.24176346	0.00009579	45.35235773
151.42100000	0.00125000	0.00010364	470123.94829980	-0.00009839	-17.47717938
161.29400000	0.00171000	0.00005412	474821.77481167	-0.00004948	-22.78219371
171.51100000	0.00079000	0.00010572	468407.19789777	-0.00009467	-43.59045387
181.38400000	0.00097000	0.00010531	469376.45143448	0.00005620	27.26761610
191.60100000	0.00109000	0.00005380	474566.00463565	-0.00004876	-22.08390707
201.76100000	0.00100000	0.00006419	473554.31000486	-0.00005822	-26.62625146
211.69100000	0.00126000	0.00007573	472025.51026260	0.00006735	32.67494376
221.90800000	0.00125000	0.00008410	471664.87322834	0.00007654	37.05913000
232.06800000	0.00122000	0.00009446	470859.98737604	-0.00008847	-12.93313912
242.28500000	0.00122000	0.00008733	469896.87833208	-0.00007663	-35.00462900
252.15800000	0.00105000	0.00013584	465859.82056570	0.00006585	31.51193993
262.37500000	0.00118000	0.00013729	465573.43150596	-0.00010695	-20.97127524
272.24800000	0.00086000	0.00014494	466006.66218403	-0.00003744	-16.32177350
282.40800000	0.00115000	0.00011771	465269.80058519	-0.00010450	-47.44588879
292.62500000	0.00129000	0.00011690	465977.72788894	0.00010434	49.72587215
302.78500000	0.00138000	0.00010913	466841.22009182	-0.00009632	-43.88779095
312.71500000	0.00129000	0.00010667	467908.00287806	-0.00009552	-43.53393282
322.87500000	0.00118000	0.00009646	469255.82422098	0.00008572	41.50456071
333.09200000	0.00078000	0.00009610	470661.88524341	-0.00008836	-12.25550131
342.96500000	0.00127000	0.00008596	471462.72223143	0.00003730	18.63143940
353.18200000	0.00107000	0.00007516	472721.43812928	-0.00004877	-21.89958948
363.05500000	0.00119000	0.00006362	473852.30404094	0.00005820	28.85182044
373.27200000	0.00123000	0.00005402	474871.01908402	0.00004837	24.37408444
383.43200000	0.00116000	0.00004285	476021.64754035	0.00003906	19.93412212
393.64900000	0.00081000	0.00003287	476833.88532965	0.00002928	43.69856767
403.52200000	0.00171000	0.00002248	477474.18550329	0.00001868	10.53543779
413.68200000	0.00133000	0.00001086	478049.52903602	-0.00001124	-3.86892137
423.89900000	0.00041000	0.00000613	478723.30076905	-0.00000064	1.43975623
433.82900000	0.00073000	-0.00000043	479074.66025862	-0.00000117	1.00235004
443.98900000	0.00067000	0.00000002	479078.53498957	0.00000253	2.77118722
454.20600000	0.00135000	0.00000525	479209.37928488	0.00000328	3.21142262
464.13600000	0.00057000	0.00000002	479085.48107872	-0.00000214	0.60204143
474.23900000	0.00109000	0.00000132	479155.53695032	-0.00000236	28.87938666
484.45600000	0.00096000	-0.00000002	478912.90811169	0.00000044	1.92432247
494.32900000	0.00077000	0.00000931	478638.89313258	0.00001260	7.87905561
504.54600000	0.00114000	0.00001925	478613.35049621	0.00002256	12.55698279
514.70600000	0.00085000	0.00002011	478420.01588367	-0.00002041	-7.92331646
524.63600000	0.00082000	0.00002164	478267.36127655	-0.00002056	-8.17673756
534.79600000	0.00076000	0.00002217	477911.17381183	0.00001921	10.96531452
545.01300000	0.00136000	0.00001643	477839.75666783	-0.00001072	-3.12637256
554.88600000	0.00136000	0.00002848	477938.86083316	-0.00003206	14.87813410
565.10300000	0.00162000	0.00002468	477891.62777415	0.00002146	11.92697493
575.26300000	0.00088000	0.00001524	477903.62620368	0.00000887	6.16050198
585.19300000	0.00107000	0.00003038	478180.75808795	0.00002975	16.18391790
595.35300000	0.00095000	0.00001812	478168.00588093	-0.00001076	-3.11892940
605.57000000	0.00174000	0.00001578	478460.07241304	-0.00000844	-2.22159939
615.44300000	0.00050000	0.00001482	478502.57091170	-0.00001188	-3.46616277
625.66000000	0.00127000	0.00001394	478762.94298315	0.00001098	35.79465001
635.82000000	0.00120000	0.00001476	479201.17281814	0.00001034	7.13585989
645.75000000	0.00086000	0.00001371	479396.32940902	0.00001153	7.76599010
655.91000000	0.00057000	0.00000458	479483.88363244	0.00000068	2.47838428
666.12700000	0.00119000	0.00000002	479713.02939346	0.00000145	2.94378958
676.00000000	0.00145000	0.00001016	479858.74523353	0.00001088	7.38118536
686.16000000	0.00015000	0.00000000	479845.83587146	0.00000102	2.99745617
696.31900000	0.00022000	-0.00000001	479790.89037790	-0.00000050	30.49410483
706.25000000	0.00070000	0.00000976	479899.81232409	-0.00001508	-4.90987880
716.40900000	0.00120000	0.00001531	479833.78028707	0.00001106	7.47781509
726.62700000	0.00069000	0.00000386	479531.62569512	-0.00000044	2.24101699
736.49900000	0.00055000	0.00001354	479192.71666923	0.00001007	7.38115437
746.71700000	0.00039000	0.00001968	479180.12972238	0.00002160	12.79239514
756.87600000	0.00147000	0.00003114	478639.26775046	-0.00003129	-12.46451206
766.80700000	0.00049000	0.00002485	478337.79649993	-0.00001893	-6.60271573
776.96600000	0.00149000	0.00003256	478134.23107961	0.00003090	17.42040836
787.18400000	0.00121000	0.00004123	477989.35618765	0.00003935	21.51201444
797.05600000	0.00030000	0.00004183	477560.54896314	0.00001836	39.77130762
807.27400000	0.00163000	0.00004286	477381.54610808	-0.00003951	-16.21213718
817.43300000	0.00098000	0.00004481	477075.18984575	0.00003953	21.40433823
827.30600000	0.00012000	0.00004467	476851.41406395	0.00001848	11.54857208
837.52300000	0.00051000	0.00004544	476935.86485141	0.00003753	20.68583138
847.68300000	0.00073000	0.00004484	476955.64649929	0.00004020	21.89299606
857.61300000	0.00104000	0.00005279	477231.82073402	-0.00005085	6.73034905
867.77300000	0.00112000	0.00004355	477223.55889776	0.00003797	49.07319156
877.99000000	0.00111000	0.00004510	477446.74756464	-0.00003813	-15.10864613
888.20800000	0.00109000	0.00004348	477299.83157559	-0.00003879	-15.67506462
898.08000000	0.00123000	0.00004099	477725.19091284	0.00003949	21.85394325
908.24000000	0.00149000	0.00003537	478213.56563161	-0.00002931	-11.14929688
918.17000000	0.00158000	0.00003248	478552.39506084	0.00002997	17.27960177
928.33000000	0.00103000	0.00003274	478942.01557928	0.00002882	16.63056721
938.54700000	0.00091000	0.00002755	479259.53803796	-0.00002004	-6.45225964
948.42000000	0.00076000	0.00003008	479767.60203906	-0.00003112	-12.01372442
958.58000000	0.00119000	0.00002266	479782.81169744	0.00001856	12.12974585
968.79700000	0.00097000	0.00002250	480170.12311552	0.00002023	12.83399797
978.72700000	0.00143000	0.00001500	480149.56996059	-0.00001213	-2.89006891
988.88700000	0.00107000	0.00001367	480451.08205895	-0.00001358	-3.51408139
999.04700000	0.00093000	0.00001335	480447.22549565	0.00000949	7.76393388
1008.97700000	0.00143000	0.00002248	480625.53701081	-0.00002147	-7.34249960
1019.13700000	0.00141000	0.00002372	480289.54521407	-0.00002255	-7.65377618
1029.29700000	0.00059000	0.00003018	480234.73559293	-0.00003092	-11.74354336
1039.45700000	0.00107000	0.00003185	480037.71839226	-0.00002968	-11.02927744
1049.27200000	0.00130000	0.00003409	479450.39049495	0.00002889	17.27931245
1059.54700000	0.00071000	0.00003682	479073.39556463	0.00002730	44.84420128
1069.36200000	0.00084000	0.00004544	478605.55044927	0.00003764	21.32332596
1079.57900000	0.00068000	0.00005938	478258.91083573	-0.00006186	1.95615546
1089.73900000	0.00092000	0.00005528	477438.50373522	0.00004941	27.31135233
1099.49700000	0.00120000	0.00006365	477035.53968713	-0.00005754	-23.96457723
1109.71400000	0.00138000	0.00006717	476447.77142323	-0.00005797	-24.15466091
