-1109.42700000	0.00159000	0.00006522	514475.12322203	0.00003626	42.67526555
-1099.26700000	0.00129000	0.00005649	514446.47543657	0.00004663	48.40494550
-1089.39500000	0.00136000	0.00006294	515182.35348324	0.00005826	23.51362545
-1079.23500000	0.00096000	0.00006406	515453.61811817	-0.00005970	-6.43430440
-1069.01800000	0.00037000	0.00005576	515446.74916826	0.00000792	28.08590151
-1059.14500000	0.00109000	0.00004705	515767.66192535	-0.00003794	-25.99160388
-1048.98500000	0.00055000	0.00004580	515997.14536029	0.00003748	43.49333255
-1039.05500000	0.00137000	0.00005373	516410.62424872	-0.00005020	-1.80537239
-1028.83800000	0.00116000	0.00004478	516742.07945965	0.00003945	14.00151508
-1018.67800000	0.00081000	0.00004220	517078.07535229	-0.00004138	3.19374298
-1008.51800000	0.00031000	0.00003509	517458.99465650	0.00003000	39.82567308
-998.58800000	0.00023000	0.00003298	518018.24322910	-0.00003046	8.64974449
-988.42800000	0.00140000	0.00001749	518245.81501274	0.00000780	28.33586805
-978.21100000	0.00039000	0.00002921	518701.40517670	-0.00003123	8.01013125
-968.33800000	0.00050000	0.00001434	518817.92949214	0.00000893	28.75701398
-958.17800000	0.00169000	0.00000869	519343.35775849	-0.00000038	24.22542895
-948.01800000	0.00092000	0.00001111	519321.28254238	0.00001128	-0.43534147
-938.14600000	0.00043000	0.00000502	519358.95854876	-0.00000344	22.72134122
-927.98600000	0.00092000	0.00000451	519689.21250092	-0.00000022	24.51899883
-917.76900000	0.00068000	-0.00000003	519613.55615254	0.00000286	26.06817800
-907.89600000	0.00042000	-0.00000000	519824.82495347	0.00001905	34.29930240
-897.73600000	0.00062000	-0.00000000	519669.52451842	0.00000231	25.66775369
-887.80600000	0.00081000	-0.00000002	519566.67227285	0.00000023	24.51010350
-877.64600000	0.00080000	0.00001074	519178.38867471	-0.00001270	17.85279264
-867.42900000	0.00083000	0.00000543	518889.18767748	0.00000090	24.95074234
-857.21200000	0.00129000	0.00001245	518570.61899498	0.00001375	1.13217604
-847.33900000	0.00100000	0.00002200	518129.00479835	-0.00001951	-16.16586571
-837.17900000	0.00030000	0.00002316	517682.48429861	-0.00002059	-16.66819959
-826.96200000	0.00110000	0.00002199	516879.23033793	0.00002053	35.26463360
-817.08900000	0.00105000	0.00003400	516769.38742459	-0.00003232	7.77196636
-806.87200000	0.00092000	0.00003405	516238.42861669	0.00003187	10.39896705
-796.71200000	0.00109000	0.00003824	515693.32795938	-0.00001199	18.23208017
-786.78200000	0.00129000	0.00005024	515236.19027289	0.00005014	19.63459789
-776.62200000	0.00096000	0.00004606	514558.07568499	0.00003732	43.71917110
-766.46200000	0.00145000	0.00005619	514124.19850074	-0.00001163	18.43018628
-756.53200000	0.00097000	0.00006285	513757.03389537	-0.00005960	-5.77268966
-746.37200000	0.00076000	0.00006318	513412.02929622	-0.00005734	-34.91397579
-736.21200000	0.00098000	0.00005891	512445.97272251	0.00002703	38.62825329
-726.28200000	0.00066000	0.00007389	512439.55771813	-0.00001200	18.96806498
-716.12200000	0.00102000	0.00007450	512073.70870401	0.00006662	28.57252347
-705.90500000	0.00096000	0.00006713	511088.03363066	0.00005730	54.09602674
-696.03200000	0.00126000	0.00007714	510856.87546654	0.00006756	29.04715849
-685.87300000	0.00119000	0.00008426	510896.13757630	0.00007685	33.80162005
-675.65500000	0.00085000	0.00006855	509813.92457912	0.00005623	53.55497976
-665.72500000	0.00136000	0.00007830	509694.43884404	-0.00006737	-39.81360999
-655.56500000	0.00131000	0.00007801	509077.75362899	0.00006592	58.57170933
-645.40600000	0.00067000	0.00009615	509436.90363540	-0.00008777	-19.91380595
-635.53300000	0.00067000	0.00009672	509119.29601923	0.00000734	28.72806947
-625.31600000	0.00088000	0.00010453	509000.53053651	-0.00009662	-24.15234683
-615.15600000	0.00057000	0.00010546	508611.29265291	-0.00009660	-24.03793248
-605.22600000	0.00129000	0.00010567	508067.62793621	0.00007528	32.79135802
-595.06600000	0.00108000	0.00011506	508200.15407827	-0.00000886	-9.81382091
-584.90600000	0.00062000	0.00009696	506976.61110897	-0.00008561	-48.51331344
-574.97600000	0.00109000	0.00008903	506637.18854504	0.00007537	63.25770524
-564.75900000	0.00113000	0.00011667	507095.86945736	-0.00010709	-29.14515441
-554.59900000	0.00081000	0.00011596	506672.15040130	0.00002552	37.82001630
-544.72600000	0.00082000	0.00012499	506618.36831805	-0.00011540	-33.22490213
-534.50900000	0.00082000	0.00011906	505702.39461636	0.00000543	27.82469106
-524.34900000	0.00097000	0.00013457	506359.43558126	-0.00008707	-18.93451277
-514.41900000	0.00142000	0.00011825	504774.67233384	-0.00006575	-38.26120491
-504.25900000	0.00145000	0.00013648	505301.35728092	-0.00008733	-19.26538570
-494.09900000	0.00120000	0.00013677	504460.50758286	0.00000546	27.63841169
-484.16900000	0.00058000	0.00014583	504385.94058732	-0.00003581	-23.10139657
-474.00900000	0.00080000	0.00014663	503729.61832227	0.00005613	23.13504178
-463.79200000	0.00080000	0.00013967	502475.70403882	0.00002577	37.90704415
-453.91900000	0.00078000	0.00013978	501803.70051687	-0.00012503	-37.66704132
-443.75900000	0.00097000	0.00016733	502627.05867791	-0.00005875	-4.56126210
-433.54200000	0.00107000	0.00015947	501045.07920729	0.00000666	28.29943186
-423.66900000	0.00084000	0.00015919	500292.38223433	-0.00012553	-37.96706742
-413.51000000	0.00108000	0.00016854	499858.62641964	-0.00011500	-32.46493558
-403.29200000	0.00142000	0.00018695	500450.71271883	0.00001915	4.72587664
-393.42000000	0.00100000	0.00019604	500286.17487008	-0.00006793	-9.03536801
-383.20200000	0.00101000	0.00020479	500158.48753814	0.00001856	4.59917393
-373.04300000	0.00109000	0.00020600	499694.61843022	-0.00007721	-13.38666274
-362.88300000	0.00117000	0.00020671	498811.72478235	-0.00002339	13.19431268
-352.95300000	0.00122000	0.00019037	496794.17264972	-0.00011551	-32.27340546
-342.79300000	0.00097000	0.00021623	498256.15830754	-0.00005024	0.21634405
-332.86300000	0.00099000	0.00020839	497018.09400870	0.00005541	22.57480552
-322.70300000	0.00068000	0.00022595	498211.45665391	-0.00004096	4.77598038
-312.48600000	0.00118000	0.00019065	494949.40695057	0.00003483	42.17181207
-302.61300000	0.00158000	0.00020930	496653.07591501	-0.00009619	-22.53834188
-292.39600000	0.00075000	0.00022570	498218.27776004	-0.00004134	4.33181968
-282.23600000	0.00121000	0.00021797	497727.02568360	-0.00006811	-8.55951467
-272.07600000	0.00146000	0.00020692	497157.01058847	-0.00011395	-31.28713026
-262.20300000	0.00070000	0.00020813	497967.92955654	-0.00002282	13.77541659
-251.98600000	0.00104000	0.00019828	497243.14820558	0.00000529	27.61363126
-242.11300000	0.00111000	0.00017819	496870.24781851	0.00004316	46.42842764
-231.89600000	0.00123000	0.00017874	498040.91513907	-0.00012459	-36.74157736
-221.73600000	0.00117000	0.00018671	499991.61851232	-0.00009546	-22.44699434
-211.51900000	0.00116000	0.00016784	500434.69553605	0.00001414	32.06328118
-201.64600000	0.00153000	0.00017493	502645.90812455	-0.00005005	0.25992668
-191.42900000	0.00079000	0.00014950	502049.62370185	0.00001610	33.57562922
-181.26900000	0.00054000	0.00015652	503703.89455819	0.00000969	0.18674598
-171.39600000	0.00059000	0.00014510	504754.70246330	-0.00000381	23.86634445
-161.17900000	0.00096000	0.00012835	504587.58898074	-0.00011624	-32.92079887
-151.30600000	0.00132000	0.00011709	504794.53303166	0.00010407	48.17561087
-141.08900000	0.00063000	0.00012418	506724.49405064	-0.00003609	-22.77026608
-130.92900000	0.00151000	0.00011429	507657.90632780	-0.00006868	-8.95363198
-120.77000000	0.00115000	0.00010321	508771.31628830	-0.00009763	-23.89255283
-110.83900000	0.00043000	0.00001337	516969.46660643	0.00001218	1.87502160
-100.68000000	0.00145000	0.00005545	512836.85224051	-0.00004758	-28.72933274
-90.46200000	0.00093000	0.00007613	510755.13600545	0.00006763	29.99810956
-80.59000000	0.00095000	0.00009862	506589.38804885	-0.00006624	-37.85007643
-70.43000000	0.00147000	0.00015482	504483.68366503	-0.00006830	-8.58184371
-60.21300000	0.00090000	0.00016961	500355.42917133	-0.00009669	-22.81963362
-50.34000000	0.00096000	0.00033888	486500.11472246	-0.00006775	-8.20433973
-40.18000000	0.00109000	0.00038897	482984.20328523	-0.00005859	-3.80246328
-29.96300000	0.00097000	0.00038641	484623.18680694	-0.00004168	4.43766663
-20.09000000	0.00130000	0.00036637	485900.31771658	-0.00007597	-11.82015289
-9.87300000	0.00122000	0.00030999	487818.90363742	-0.00007853	-13.12271906
0.00000000	0.00105000	0.00028706	492601.37506952	-0.00005869	-3.36539857
9.93000000	0.00086000	0.00024724	495015.55442078	-0.00002325	13.74736864
20.09000000	0.00114000	0.00021654	498586.99344356	0.00000947	0.59176182
29.96300000	0.00121000	0.00015736	499475.22947134	0.00010287	47.24189648
40.18000000	0.00059000	0.00014677	503646.36359333	-0.00000386	23.77499640
50.34000000	0.00099000	0.00010896	505231.27378227	0.00003603	43.93973988
60.21300000	0.00066000	0.00010729	507616.44119683	0.00005746	24.95814660
70.43000000	0.00134000	0.00009594	509355.27273665	-0.00004996	0.71929176
80.59000000	0.00070000	0.00008539	510145.05777908	-0.00007864	-13.87753879
90.52000000	0.00140000	0.00008327	510586.01195707	0.00005730	25.16397470
100.68000000	0.00118000	0.00007535	510760.79987790	-0.00006792	-38.85585237
110.83900000	0.00098000	0.00007611	510319.98874490	0.00006755	30.53807543
120.71200000	0.00171000	0.00008563	510108.65178268	0.00001945	5.57412402
130.92900000	0.00042000	0.00009448	509404.38980741	-0.00000961	-9.01857613
141.08900000	0.00129000	0.00010442	508617.14939305	-0.00001837	-13.46843204
151.24900000	0.00096000	0.00009720	506657.81856369	-0.00008493	-47.11738638
161.17900000	0.00143000	0.00011803	505956.62720228	-0.00004637	-27.44398300
171.33900000	0.00086000	0.00014328	505710.74469424	0.00000158	-3.24390490
181.21200000	0.00090000	0.00013712	503601.19193627	-0.00012531	-37.08314354
191.42900000	0.00099000	0.00014031	502092.48686077	-0.00012629	-37.13708852
201.58900000	0.00077000	0.00014859	500649.22955261	0.00003432	43.04904348
211.46200000	0.00113000	0.00014918	499211.18116137	0.00005393	52.51966252
221.67900000	0.00069000	0.00019473	500795.48197662	-0.00006809	-8.22351778
231.83900000	0.00136000	0.00017993	498395.11091820	0.00002318	37.35744970
241.99800000	0.00111000	0.00019699	499191.38270192	-0.00008654	-17.19767467
251.92900000	0.00073000	0.00020649	498881.96469371	0.00001870	5.26227056
262.08800000	0.00077000	0.00019859	497263.76673186	0.00000558	28.70097960
271.96100000	0.00136000	0.00022513	498437.34324994	-0.00005922	-3.61634791
282.12100000	0.00117000	0.00019978	496415.40295143	-0.00010615	-26.51435666
292.33800000	0.00130000	0.00019139	495533.14585962	0.00003486	42.89601991
302.49800000	0.00082000	0.00021792	496946.81377204	0.00004619	19.11780138
312.42800000	0.00129000	0.00020994	496546.66022085	-0.00000633	22.57507488
322.58800000	0.00136000	0.00020910	496472.60672529	-0.00000416	23.81077011
332.74800000	0.00120000	0.00021676	497646.48125611	0.00004579	19.07416402
342.62100000	0.00129000	0.00022366	499137.33186930	-0.00004142	5.48650102
352.83800000	0.00144000	0.00020725	498358.51544772	-0.00000463	23.67466740
362.71100000	0.00080000	0.00020646	498992.49961553	-0.00007760	-12.43055148
372.87000000	0.00071000	0.00020571	499536.29977079	-0.00001720	-12.31367436
383.08800000	0.00133000	0.00016944	497540.10109501	0.00003447	43.24998797
393.24700000	0.00103000	0.00018583	499892.99975587	-0.00003757	-22.50017049
403.12000000	0.00122000	0.00017825	500308.23082352	0.00004675	19.41857908
413.28000000	0.00073000	0.00017700	501197.25423473	-0.00002705	-17.06492838
423.49700000	0.00098000	0.00016801	501439.04397865	-0.00002231	14.90172054
433.37000000	0.00081000	0.00014901	500791.07730224	-0.00013505	-41.30188358
443.58700000	0.00099000	0.00014739	501670.77446936	0.00003381	43.28536068
453.74700000	0.00088000	0.00015582	503133.95200285	-0.00004506	-26.19899039
463.62000000	0.00065000	0.00015550	504103.22698127	-0.00003180	10.44107028
473.78000000	0.00132000	0.00013895	503627.95570361	-0.00010650	-27.15586682
483.99700000	0.00131000	0.00014608	504458.52729500	-0.00003636	-21.85791895
493.87000000	0.00111000	0.00011869	503674.97796035	0.00010473	49.11648314
504.02900000	0.00084000	0.00011054	503928.31796135	-0.00009618	-51.87646427
514.24700000	0.00103000	0.00013590	505796.37622807	-0.00008769	-17.69202246
524.11900000	0.00074000	0.00012594	505792.67774884	0.00001478	34.29520643
534.27900000	0.00131000	0.00010835	505296.68524375	-0.00009512	-51.29152108
544.49600000	0.00123000	0.00012647	506674.49621375	-0.00002265	15.27527299
554.36900000	0.00111000	0.00010740	506790.13411564	0.00007557	34.81476391
564.52900000	0.00132000	0.00009776	506816.75486679	0.00008701	40.60532151
574.68900000	0.00098000	0.00011478	507936.01643976	-0.00002692	-17.11311369
584.61900000	0.00046000	0.00010658	507746.93985272	0.00003831	15.80916027
594.77900000	0.00092000	0.00008032	507485.90554127	0.00006604	60.17549930
604.93900000	0.00124000	0.00010445	508696.59480868	-0.00009695	-22.54885058
614.86900000	0.00082000	0.00010478	509070.16592803	-0.00002168	15.74460876
625.02900000	0.00056000	0.00009558	508821.44199049	0.00008507	39.80797542
635.24600000	0.00109000	0.00007816	508444.85523807	0.00006546	60.30387588
645.11900000	0.00073000	0.00009500	509908.26837875	-0.00008782	-17.57130556
655.27800000	0.00108000	0.00009464	510177.06435427	0.00002939	11.76808851
665.49600000	0.00066000	0.00008547	510593.32120398	-0.00005960	-3.46992190
675.36800000	0.00090000	0.00006813	510244.86363606	0.00005712	56.14596106
685.52800000	0.00083000	0.00007723	510949.41589162	-0.00004887	-28.10458528
695.68800000	0.00107000	0.00008350	511728.69663125	-0.00007867	-13.07392844
705.56100000	0.00100000	0.00006529	511584.22609897	0.00005563	55.68055586
715.77800000	0.00122000	0.00005806	511924.31947171	0.00004705	51.40719078
725.93800000	0.00032000	0.00007502	512979.19170391	-0.00006880	-8.14061449
735.86800000	0.00061000	0.00006510	513341.77919710	0.00005721	26.12714837
746.02800000	0.00035000	0.00005855	513528.47919798	-0.00004999	1.54950894
756.18800000	0.00097000	0.00006258	514135.18915637	0.00005833	26.97448843
766.06000000	0.00110000	0.00004569	514331.50838410	0.00003673	46.42029505
776.22000000	0.00124000	0.00005145	515285.84011603	-0.00005096	1.34082685
786.43700000	0.00122000	0.00003488	515469.09260682	-0.00002684	-16.77966809
796.31000000	0.00044000	0.00004106	516237.35881817	0.00003969	17.58307840
806.47000000	0.00098000	0.00003481	516490.74526291	0.00002697	10.98992583
816.63000000	0.00077000	0.00003383	517155.51354314	-0.00003020	-18.47650803
826.56000000	0.00115000	0.00002368	517445.53614512	0.00001877	6.82490603
836.72000000	0.00122000	0.00002208	517824.68622277	0.00001936	7.38946314
846.88000000	0.00111000	0.00001324	518267.04618472	0.00000999	2.34435593
856.75200000	0.00100000	0.00001475	518761.13928476	-0.00001322	-9.50418547
866.97000000	0.00039000	0.00000817	519019.57163741	-0.00001385	20.81329434
877.18700000	0.00086000	0.00001294	519351.07078355	0.00000920	1.98358511
887.34700000	0.00095000	-0.00000043	519438.99995160	0.00000058	28.17144506
897.21900000	0.00080000	0.00000967	519500.08697122	-0.00001060	22.40459455
907.43700000	0.00080000	0.00000477	519730.27730479	-0.00000079	-3.07257195
917.30900000	0.00018000	-0.00000001	519776.20365729	-0.00000456	25.75256514
927.46900000	0.00154000	-0.00000393	519691.72135086	-0.00000243	26.80620267
937.62900000	0.00099000	-0.00000251	519539.12922180	0.00000064	-2.30879202
947.55900000	0.00114000	0.00000326	519229.59764677	0.00000012	-2.53907832
957.71900000	0.00070000	0.00001665	519208.62217273	0.00000796	32.39620359
967.87900000	0.00117000	0.00001646	518818.37478048	0.00000883	2.08325242
977.80900000	0.00077000	0.00002300	518692.70084355	-0.00001903	-12.28318752
987.96900000	0.00089000	0.00002510	518264.53100407	0.00001971	38.47381825
998.12900000	0.00113000	0.00002558	517548.50019757	0.00001901	7.54696595
1008.00100000	0.00161000	0.00003452	517540.86727255	-0.00003093	12.32376991
1018.16100000	0.00147000	0.00003584	517009.64770279	0.00002823	12.38513162
1028.37800000	0.00091000	0.00004508	516799.55130932	-0.00003935	-22.62454432
1038.53800000	0.00153000	0.00004568	516295.62059221	0.00003923	48.67719361
1048.41100000	0.00048000	0.00005447	515759.84873813	0.00004956	23.39544158
1058.57100000	0.00086000	0.00005469	515559.68020297	-0.00004799	-26.84149927
1068.44400000	0.00063000	0.00006338	515376.63362779	0.00003840	17.64666970
1078.66100000	0.00131000	0.00006350	515109.41115850	0.00005783	27.64988915
1088.87800000	0.00126000	0.00006637	514757.20470140	-0.00005922	-2.05549741
1098.80800000	0.00093000	0.00006560	514281.67029819	0.00005743	27.19067894
1109.14000000	0.00091000	0.00007313	514314.35415368	0.00006917	33.52175022
