-1109.82900000	0.00062000	0.00008634	475304.58160354	-0.00001822	-8.59907656
-1099.66900000	0.00075000	0.00008397	475810.47674182	-0.00007941	-9.55784623
-1089.73900000	0.00115000	0.00007569	475948.11494673	-0.00006760	-32.50750489
-1079.57900000	0.00058000	0.00007341	476383.37856327	-0.00006889	-33.02084226
-1069.36200000	0.00143000	0.00005808	476916.04828159	0.00004868	23.04231353
-1059.48900000	0.00167000	0.00005576	477483.60033722	-0.00004875	-23.48483082
-1049.32900000	0.00119000	0.00005666	478057.31905880	0.00002928	13.54137876
-1039.45700000	0.00062000	0.00004601	478034.59279294	0.00003821	18.02048589
-1029.23900000	0.00097000	0.00005127	478838.14474765	-0.00005054	3.79153625
-1019.08000000	0.00076000	0.00004324	479133.47952065	-0.00003960	-19.32273377
-1008.86200000	0.00104000	0.00003495	479059.55192084	0.00001012	4.55377683
-998.99000000	0.00040000	0.00002745	479407.41508619	-0.00001811	-8.92679095
-988.77200000	0.00038000	0.00003101	479525.78213528	0.00003018	42.52221651
-978.61300000	0.00128000	0.00003241	479468.11274183	0.00003153	14.89913044
-968.68200000	0.00158000	0.00003170	479432.85837655	-0.00002878	-14.21125304
-958.52300000	0.00084000	0.00003238	479415.43142717	0.00002964	13.93310033
-948.30500000	0.00084000	0.00003489	479062.36607015	-0.00002926	-14.20092422
-938.43300000	0.00048000	0.00004008	478906.19479031	0.00004100	19.59673562
-928.27300000	0.00080000	0.00003649	478369.25995815	-0.00002997	-14.30188898
-918.05600000	0.00167000	0.00003556	478274.53084402	0.00002914	13.67419061
-908.12500000	0.00082000	0.00004971	477979.64630113	-0.00005113	3.65545773
-897.96600000	0.00056000	0.00004495	477556.66520175	0.00003983	18.69972316
-888.09300000	0.00114000	0.00005277	477432.29361096	0.00002907	13.75151851
-877.87600000	0.00072000	0.00005175	477016.93700429	0.00004904	23.25108895
-867.65800000	0.00100000	0.00005246	476778.65286949	0.00004858	22.80971292
-857.49900000	0.00071000	0.00005541	476476.36026763	-0.00004898	-23.44574982
-847.56800000	0.00099000	0.00005380	476296.81117834	-0.00004733	-22.38078200
-837.40900000	0.00086000	0.00005664	476266.52550974	-0.00004887	-23.36266720
-827.24900000	0.00091000	0.00006373	476098.81167084	-0.00005831	-27.93283263
-817.31900000	0.00066000	0.00005683	476022.21382161	0.00004899	23.33692423
-807.15900000	0.00115000	0.00005517	476107.69156419	0.00004904	23.19006663
-796.94200000	0.00127000	0.00005497	476249.22184559	-0.00004947	-23.48489886
-787.06900000	0.00080000	0.00005279	476340.14815065	-0.00004736	-22.81189231
-776.85200000	0.00138000	0.00005142	476547.92190451	0.00004909	23.20533135
-766.69200000	0.00097000	0.00004553	476854.87725252	0.00003808	17.97918826
-756.81900000	0.00075000	0.00004497	477211.34609932	0.00004038	19.03487823
-746.60200000	0.00107000	0.00004112	477252.50554782	-0.00004029	-19.35573953
-736.38500000	0.00098000	0.00003271	477857.17066645	0.00003047	14.41390458
-726.51200000	0.00089000	0.00002895	477984.54298602	0.00003210	15.33001440
-716.29500000	0.00091000	0.00002406	478275.54975694	-0.00002058	18.47934154
-706.13500000	0.00131000	0.00003039	478639.97040700	-0.00003141	-15.20962544
-696.26200000	0.00057000	0.00001651	478839.30723135	-0.00000950	-4.66583830
-686.04500000	0.00123000	0.00001573	479063.71227822	0.00000972	4.47881035
-675.82800000	0.00084000	0.00000948	479331.43440131	0.00000072	0.29030267
-665.95500000	0.00136000	0.00000002	479431.98411229	0.00000569	2.45399113
-655.79500000	0.00145000	0.00001117	479561.18984762	-0.00001482	-7.10965826
-645.57800000	0.00081000	0.00001108	479461.71599600	0.00001183	5.75304626
-635.70500000	0.00011000	0.00000094	479565.95826967	0.00000012	0.05159419
-625.54500000	0.00043000	0.00000799	479344.62792420	0.00001241	5.91717904
-615.32800000	0.00110000	0.00000391	479328.41436631	0.00000002	0.07691892
-605.45500000	0.00165000	0.00000276	478948.63583512	-0.00000064	-0.15311851
-595.23800000	0.00020000	0.00001932	478816.46593398	0.00002270	10.92020158
-585.07800000	0.00147000	0.00001618	478851.79427519	0.00001285	6.14221466
-575.14800000	0.00126000	0.00001876	478458.73301038	-0.00002168	-10.20092185
-564.93100000	0.00069000	0.00002304	478293.76996824	-0.00001879	-8.84099089
-554.77100000	0.00131000	0.00002387	478036.27047127	-0.00002166	-10.30265272
-544.89800000	0.00167000	0.00002951	477898.95261259	-0.00003090	-14.47120527
-534.68100000	0.00130000	0.00002229	477833.95561148	0.00001941	9.40307914
-524.52100000	0.00096000	0.00002392	477692.72957402	0.00001950	9.47522267
-514.59100000	0.00174000	0.00002911	477873.15284537	-0.00003369	12.48516239
-504.43100000	0.00079000	0.00002219	477711.91931078	0.00002134	10.56111752
-494.27100000	0.00156000	0.00002213	477744.55645895	-0.00001988	-9.27698522
-484.34100000	0.00076000	0.00002419	477882.26276604	0.00001965	9.67324189
-474.12400000	0.00048000	0.00001544	478109.49286376	0.00001207	34.61558839
-463.96400000	0.00048000	0.00002225	478240.82993342	-0.00002152	-9.94448352
-454.03400000	0.00090000	0.00001432	478326.18703049	-0.00001171	23.06203845
-443.87400000	0.00104000	0.00001291	478675.05606649	0.00001119	5.78432269
-433.71400000	0.00104000	0.00000174	478723.68681251	0.00000125	1.12481032
-423.78400000	0.00066000	0.00001126	478980.90819138	-0.00001140	23.22881890
-413.62400000	0.00105000	-0.00000171	478852.49006278	-0.00000161	-0.47778944
-403.40700000	0.00177000	0.00000532	478872.20725153	0.00000117	0.78382615
-393.53400000	0.00107000	0.00000072	478708.09411778	-0.00000101	28.27905774
-383.31700000	0.00128000	0.00000871	478589.01652956	-0.00000128	-0.17221324
-373.15700000	0.00107000	0.00001505	478120.30018505	-0.00001051	-4.62586934
-362.99800000	0.00151000	0.00002293	477820.70016343	-0.00002052	-9.50647402
-353.06700000	0.00067000	0.00002489	477220.09648678	0.00002006	10.05377430
-342.85000000	0.00109000	0.00003340	476581.84230265	0.00002998	14.64377144
-332.97700000	0.00145000	0.00003751	475661.91139237	0.00002786	42.14187797
-322.81800000	0.00115000	0.00004580	474941.58105856	-0.00003999	-18.34262078
-312.65800000	0.00129000	0.00006281	473919.43574924	-0.00005739	-26.67020295
-302.72800000	0.00117000	0.00006621	472898.09286115	0.00005707	27.74884682
-292.51000000	0.00178000	0.00008432	472107.91476255	0.00003822	18.78894011
-282.35100000	0.00102000	0.00009432	471015.59464440	-0.00004741	-21.72169674
-272.19100000	0.00089000	0.00009589	469795.52337070	-0.00008585	-39.68441679
-262.26100000	0.00081000	0.00011495	469037.30382713	-0.00002823	-12.51258742
-252.10100000	0.00123000	0.00011728	468289.50169464	-0.00010769	-22.18752358
-242.17100000	0.00170000	0.00011630	466994.52863024	-0.00010442	-48.06442579
-231.95300000	0.00127000	0.00011711	466095.89739892	0.00010422	49.38542772
-221.79400000	0.00124000	0.00013708	466233.48859271	-0.00004687	-21.44515484
-211.63400000	0.00133000	0.00013755	465666.78641408	0.00004717	22.80920144
-201.70400000	0.00116000	0.00014600	466153.73688047	-0.00001867	-7.73381273
-191.54400000	0.00166000	0.00012819	465201.23344261	0.00001601	35.89322532
-181.32700000	0.00138000	0.00011704	466694.19295339	-0.00010488	-47.96679026
-171.45400000	0.00096000	0.00014413	467090.22800418	-0.00001847	-7.85919029
-161.23700000	0.00043000	0.00014342	467274.84172846	0.00001848	9.67795841
-151.36400000	0.00131000	0.00010919	466842.67478104	0.00009567	45.62059010
-141.14700000	0.00161000	0.00010737	467534.55588992	0.00009517	44.84940297
-130.98700000	0.00127000	0.00010739	467839.84103691	-0.00009558	-43.82537745
-120.77000000	0.00085000	0.00009685	469598.97027541	-0.00008587	-39.36122080
-110.89700000	0.00167000	0.00007665	472009.25718650	0.00006773	32.94902932
-100.73700000	0.00096000	0.00009540	469584.43611732	0.00008552	41.10234545
-90.52000000	0.00086000	0.00022573	459589.10543489	0.00000014	0.97379352
-80.64700000	0.00084000	0.00021495	460657.22851368	-0.00003319	13.15301090
-70.43000000	0.00120000	0.00022814	455368.53800285	-0.00007363	-32.14398817
-60.21300000	0.00067000	0.00026613	455310.92954172	-0.00000012	0.77074290
-50.34000000	0.00111000	0.00027776	451893.18900346	0.00004542	21.32861224
-40.18000000	0.00121000	0.00028800	451872.10823589	0.00003584	16.97268103
-29.96300000	0.00088000	0.00024958	454181.24946842	-0.00009679	-15.64796916
-20.09000000	0.00120000	0.00040746	442698.19610712	-0.00004290	8.08228324
-9.87300000	0.00162000	0.00038910	442842.07384630	-0.00001806	-6.56512244
0.00000000	0.00129000	0.00041783	440010.83851656	0.00002626	12.24757513
9.93000000	0.00115000	0.00039642	443618.62152502	-0.00005163	4.68660662
20.09000000	0.00171000	0.00036550	446605.28379626	0.00001681	8.28485758
30.02000000	0.00102000	0.00032692	449511.10137902	-0.00007759	-6.69772182
40.18000000	0.00122000	0.00026716	454082.29885687	-0.00005415	-23.19931932
50.39700000	0.00120000	0.00023478	459411.44146543	-0.00000940	-3.00665762
60.27000000	0.00096000	0.00015980	461282.92620800	0.00002557	41.01665315
70.43000000	0.00172000	0.00011894	466275.30847326	0.00010488	50.30528086
80.64700000	0.00080000	0.00009632	470769.28965531	-0.00000991	-3.11229720
90.52000000	0.00111000	0.00006329	473909.28397402	0.00005785	29.02439736
100.68000000	0.00161000	0.00003577	476121.42475350	0.00002843	43.36308690
110.89700000	0.00099000	0.00002159	477338.16863526	0.00002093	11.77911659
120.77000000	0.00106000	0.00002058	477842.23996259	-0.00002009	-7.90864553
130.92900000	0.00131000	0.00002982	477209.76945166	-0.00003173	14.81136144
141.14700000	0.00108000	0.00003469	476158.05362850	0.00002922	15.35559819
151.30600000	0.00086000	0.00005515	474725.46615085	0.00004854	24.58804658
161.23700000	0.00094000	0.00007373	472995.03996307	0.00006740	33.54489404
171.39600000	0.00070000	0.00008548	470976.92556700	0.00007696	37.84753233
181.32700000	0.00137000	0.00009719	468991.39019951	0.00008759	42.87943518
191.48600000	0.00129000	0.00011583	467307.98331751	-0.00010481	-47.27507141
201.64600000	0.00114000	0.00013654	466163.82318231	0.00004709	23.65321797
211.57600000	0.00062000	0.00014793	465057.07868887	-0.00005612	-24.38720888
221.73600000	0.00113000	0.00013761	462868.70268482	-0.00012347	-55.15127004
231.95300000	0.00126000	0.00013827	461802.62578064	0.00012394	58.95343298
242.11300000	0.00089000	0.00014993	462126.65711469	0.00009549	45.94626435
251.98600000	0.00075000	0.00018297	463716.75769345	-0.00001874	-6.77169941
262.20300000	0.00061000	0.00017600	463167.23980370	0.00002724	14.21430651
272.07600000	0.00126000	0.00015858	462772.87861225	-0.00006658	-28.69236610
282.23600000	0.00151000	0.00014752	463250.33859204	-0.00009402	-41.54682721
292.45300000	0.00122000	0.00013810	463646.19462082	0.00002501	41.06987673
302.61300000	0.00077000	0.00014670	465768.74857540	0.00001829	10.54902710
312.54300000	0.00078000	0.00012639	466409.57544504	-0.00007601	-33.39117454
322.70300000	0.00070000	0.00011692	467770.82315050	0.00006594	32.75747886
332.86300000	0.00063000	0.00011481	469419.60270233	-0.00000961	-2.44757466
342.79300000	0.00062000	0.00008797	470197.43266655	0.00007792	38.80718490
352.95300000	0.00091000	0.00008458	471762.49922714	0.00007579	38.19679261
362.88300000	0.00102000	0.00006601	472809.60448668	0.00005761	29.36570258
373.04300000	0.00139000	0.00005522	474302.10444857	-0.00004754	-20.35540922
383.20200000	0.00084000	0.00004634	475256.11806489	0.00003915	20.86980296
393.36200000	0.00138000	0.00004179	476376.55323290	-0.00004174	-17.60537328
403.29200000	0.00140000	0.00003340	477083.84920794	0.00003099	17.04786237
413.45200000	0.00178000	0.00002256	477796.86121182	-0.00001925	-6.85810112
423.66900000	0.00097000	0.00002114	478213.97707992	0.00002009	12.08938289
433.54200000	0.00158000	0.00001081	478521.51247114	0.00001134	7.70735451
443.75900000	0.00118000	0.00000777	478799.14303044	-0.00001378	24.01251396
453.91900000	0.00094000	-0.00000167	478831.69008114	0.00000290	3.92800478
463.79200000	0.00058000	0.00001114	478834.99611106	-0.00001072	-2.53924224
474.00900000	0.00066000	0.00000825	478853.13635961	0.00000074	2.91074120
484.16900000	0.00100000	0.00000712	478662.47767759	-0.00000154	29.98313242
494.04200000	0.00044000	0.00001973	478485.90335763	0.00002144	12.80064146
504.25900000	0.00120000	0.00002206	478329.19936558	0.00002030	12.33790819
514.41900000	0.00179000	0.00002181	478103.41302394	-0.00002124	-7.24508330
524.29200000	0.00089000	0.00002130	477918.61719849	-0.00002093	-7.35691094
534.50900000	0.00081000	0.00003056	477816.83993301	0.00001028	7.57253086
544.66900000	0.00142000	0.00003064	477921.21149607	-0.00002978	-11.49776751
554.54100000	0.00106000	0.00002473	477831.27129717	-0.00002087	-7.47045486
564.75900000	0.00109000	0.00002252	478011.03224040	0.00001851	11.54738771
574.91800000	0.00173000	0.00002494	478006.80501054	0.00001817	11.55437162
584.84900000	0.00055000	0.00002140	478147.80745659	-0.00002160	-7.67579859
595.00800000	0.00053000	0.00001782	478186.06316445	0.00001036	7.65686066
605.22600000	0.00080000	0.00001540	478478.14054493	-0.00000645	-0.30912664
615.09800000	0.00095000	0.00001152	478793.73411575	-0.00001067	-2.21350760
625.25800000	0.00131000	0.00000129	478973.62215299	-0.00000032	2.91080710
635.41800000	0.00087000	-0.00000288	479284.98573878	-0.00000003	2.95195541
645.34800000	0.00124000	0.00001210	479484.62180721	-0.00001292	-2.99373115
655.50800000	0.00129000	-0.00000002	479588.55083998	-0.00001340	24.81619150
665.72500000	0.00107000	0.00000425	479730.87622756	0.00000203	3.75091720
675.59800000	0.00154000	0.00000000	479730.47586763	0.00000139	3.82993193
685.75800000	0.00150000	0.00001272	479743.23275733	0.00001411	9.75464761
695.97500000	0.00074000	0.00000002	479616.14281161	0.00000208	4.16665100
705.84800000	0.00091000	0.00000568	479538.59625947	0.00000229	4.42574697
716.06500000	0.00111000	0.00000000	479304.12419854	-0.00000376	1.44863433
726.22500000	0.00099000	0.00002099	479010.35516944	0.00002074	13.13434250
736.09800000	0.00073000	0.00002262	478668.19058901	0.00002029	12.86545758
746.31500000	0.00094000	0.00003098	478528.25310965	0.00002947	17.57488131
756.47500000	0.00128000	0.00003277	477929.30890023	0.00002937	17.19110214
766.34700000	0.00099000	0.00003519	477749.48561499	0.00003105	17.97387106
776.56500000	0.00082000	0.00004197	477328.51335333	-0.00004113	-16.34251037
786.78200000	0.00084000	0.00004951	476976.74493271	-0.00005250	6.69586773
796.59700000	0.00130000	0.00005170	476752.77342104	-0.00004851	-19.74261452
806.81400000	0.00073000	0.00005318	476568.79732094	0.00000977	8.01774463
816.97400000	0.00155000	0.00004608	476150.34588475	0.00003731	49.48514070
826.84700000	0.00090000	0.00005660	475994.98011373	-0.00004970	-20.34026878
837.06400000	0.00117000	0.00006183	476021.07063839	0.00001986	12.77453344
847.22400000	0.00142000	0.00005512	475691.45358621	0.00004629	53.59133950
857.09700000	0.00137000	0.00006158	475990.63491419	0.00005900	31.67467423
867.31400000	0.00100000	0.00005566	475949.52305629	-0.00004865	-19.71048020
877.53100000	0.00098000	0.00005502	476107.98723479	0.00004792	26.24825687
887.69100000	0.00062000	0.00006169	476360.79443858	-0.00004145	12.06608361
897.56400000	0.00157000	0.00005424	476578.79371344	0.00004986	27.04139578
907.78100000	0.00149000	0.00005382	476731.29592577	-0.00004891	-19.55656603
917.65400000	0.00056000	0.00005474	477031.80921469	-0.00001011	-1.10642890
927.87100000	0.00144000	0.00004535	477423.15510743	0.00003964	22.47579138
938.03100000	0.00077000	0.00004458	477607.16751095	-0.00004101	-15.88518351
947.96100000	0.00174000	0.00004252	478097.28149890	-0.00003983	13.02469655
958.12100000	0.00127000	0.00004328	478458.20334500	0.00003803	21.87374751
968.28100000	0.00037000	0.00003531	478796.50935762	0.00002996	18.17673224
978.21100000	0.00134000	0.00003464	479099.64195349	0.00002917	17.91382340
988.37100000	0.00064000	0.00003979	479332.21525415	0.00004062	23.31121634
998.53000000	0.00073000	0.00003329	479441.23818285	0.00002776	17.06896994
1008.46100000	0.00074000	0.00003273	479371.34158948	0.00002998	18.02336064
1018.62000000	0.00086000	0.00003335	479575.70699947	-0.00003233	-11.69068734
1028.78000000	0.00091000	0.00003510	479453.10433181	0.00003089	18.53514726
1038.99700000	0.00161000	0.00004169	479252.15581913	0.00003931	22.52673447
1048.87000000	0.00118000	0.00003609	479298.63863868	-0.00002826	-9.73051896
1059.08700000	0.00098000	0.00004406	478815.43909424	-0.00003879	-14.73484381
1068.96000000	0.00114000	0.00004394	478424.62011347	0.00003984	22.71538355
1079.12000000	0.00033000	0.00005291	477978.87038410	0.00004743	26.39304817
1089.28000000	0.00051000	0.00005399	477534.73751904	0.00004805	26.78081759
1099.21000000	0.00130000	0.00005661	477232.43532682	0.00000840	36.15228142
1109.59900000	0.00064000	0.00007275	476991.79627251	-0.00002826	-9.66498313
