-1111.95300000	0.00240000	0.00011583	388132.62872380	0.00009332	24.91984259
-1101.73600000	0.00125000	0.00008522	388166.47354359	0.00004515	44.30499431
-1091.80500000	0.00085000	0.00008147	388193.00882700	-0.00004975	7.57168960
-1081.58800000	0.00085000	0.00007034	388062.10877754	0.00004448	44.03177665
-1071.42800000	0.00210000	0.00007150	388075.35684967	0.00004471	44.15652556
-1061.49800000	0.00235000	0.00008105	387863.94735803	0.00005085	8.41087141
-1051.28100000	0.00150000	0.00010775	387638.61175946	0.00009345	25.26704511
-1041.35100000	0.00075000	0.00012395	387346.97513493	-0.00000413	25.42479375
-1031.13400000	0.00160000	0.00021936	386548.91273286	-0.00000613	24.94981136
-1020.97400000	0.00220000	0.00020664	385328.28434822	0.00013590	41.02125247
-1010.75700000	0.00155000	0.00024135	385330.09785036	-0.00017305	-39.85997556
-1000.82600000	0.00085000	0.00028135	385892.98425904	-0.00004771	8.33304428
-990.66700000	0.00125000	0.00028047	385264.69112831	0.00012433	36.53627030
-980.44900000	0.00140000	0.00026060	383799.57309152	-0.00018153	-43.03874656
-970.51900000	0.00085000	0.00036895	385190.75845251	-0.00004716	8.89765621
-960.30200000	0.00065000	0.00038014	384856.11137243	-0.00004763	8.39570565
-950.14200000	0.00085000	0.00041586	384756.64990463	-0.00001036	23.20898903
-940.21200000	0.00110000	0.00039404	383776.84432642	0.00003121	38.63848623
-929.99500000	0.00095000	0.00039787	383860.88593416	-0.00004772	8.40200146
-919.83500000	0.00105000	0.00041898	384462.03441260	-0.00001126	22.35823105
-909.90500000	0.00090000	0.00040882	384648.64483814	0.00000412	-9.24355289
-899.68800000	0.00110000	0.00037282	384354.41376490	-0.00004738	9.18751411
-889.75700000	0.00115000	0.00029520	384070.82241423	-0.00012877	-22.38964054
-879.54000000	0.00185000	0.00020394	383724.97426471	0.00012798	76.51864432
-869.32300000	0.00100000	0.00019294	384864.42421512	-0.00003879	-25.77895625
-859.10600000	0.00240000	0.00014045	385348.87560474	-0.00009346	-8.65985835
-849.17600000	0.00050000	0.00005580	385875.29380096	-0.00000336	-12.06368935
-839.01600000	0.00155000	-0.00000007	386397.43756422	-0.00000081	26.95633183
-828.79900000	0.00140000	0.00008262	385638.15922828	0.00005086	8.71924048
-818.86800000	0.00220000	0.00018343	384577.19372020	-0.00012741	-60.05228618
-808.65100000	0.00115000	0.00033750	383664.42663464	-0.00000974	23.23113857
-798.43400000	0.00130000	0.00048965	382426.39950027	-0.00004747	8.57583782
-788.56100000	0.00125000	0.00064237	381204.44843323	0.00000507	-8.86406659
-778.34400000	0.00110000	0.00082586	380375.75283672	-0.00001502	21.07060393
-768.12700000	0.00160000	0.00098724	378791.16524926	-0.00004568	9.39297245
-758.25400000	0.00150000	0.00117822	377410.20118255	0.00003616	2.67883712
-748.03700000	0.00175000	0.00135670	377297.34817524	-0.00004494	9.77397446
-737.82000000	0.00170000	0.00148765	373567.27200657	-0.00004565	9.34803383
-727.88900000	0.00200000	0.00166028	374089.47582425	-0.00004353	10.05234760
-717.73000000	0.00205000	0.00179248	369865.68723188	-0.00004529	9.54552741
-707.51200000	0.00205000	0.00196074	371099.12650262	-0.00004481	10.24365647
-697.58200000	0.00230000	0.00207015	368792.31771060	-0.00004316	9.73451675
-687.36500000	0.00255000	0.00217255	366864.36880432	0.00003314	1.57139479
-677.20500000	0.00255000	0.00223927	364452.46142110	0.00000953	-7.19757767
-667.27500000	0.00275000	0.00231887	365818.53566052	0.00000951	-6.81483797
-657.05800000	0.00280000	0.00236253	366209.93408002	-0.00004437	10.45044143
-646.84100000	0.00275000	0.00231637	366276.65019878	0.00000976	-6.90725595
-636.91000000	0.00290000	0.00227964	364572.97477323	-0.00004536	9.91540989
-626.75100000	0.00255000	0.00225820	367255.75858553	-0.00004468	9.97753530
-616.53300000	0.00250000	0.00217472	366393.10960692	0.00003359	1.66445892
-606.60300000	0.00255000	0.00207811	367367.89925282	0.00003438	1.53656216
-596.38600000	0.00235000	0.00205758	369912.57622861	-0.00004526	10.35034625
-586.16900000	0.00220000	0.00189138	367713.42252879	-0.00004617	9.66458677
-576.23900000	0.00210000	0.00176988	371921.27351326	-0.00004523	10.16442652
-566.02100000	0.00190000	0.00161005	374129.41548671	0.00000928	-6.73343499
-555.86200000	0.00180000	0.00139299	373169.24195957	-0.00004590	10.21944479
-545.93100000	0.00165000	0.00123598	375306.29658915	0.00000798	-7.63753231
-535.71400000	0.00150000	0.00102911	377495.71966521	-0.00001646	20.62600572
-525.49700000	0.00130000	0.00092627	378360.32162200	-0.00001709	20.67980302
-515.62400000	0.00130000	0.00082789	378886.67239893	-0.00001468	21.31545630
-505.40700000	0.00135000	0.00082544	379064.25271118	-0.00001543	21.18884129
-495.19000000	0.00125000	0.00088518	378184.60883546	-0.00004655	9.34205580
-485.26000000	0.00130000	0.00105914	378196.59959625	-0.00004555	9.67986289
-475.10000000	0.00155000	0.00125342	376919.06370790	-0.00004752	9.59360439
-464.88300000	0.00170000	0.00146519	374507.63258342	-0.00004393	10.12738560
-454.95200000	0.00210000	0.00167592	371394.85470639	-0.00004590	10.26815149
-444.73500000	0.00215000	0.00188300	368078.55478240	-0.00004597	10.24207362
-434.51800000	0.00250000	0.00211547	367691.34204193	0.00001015	-6.84330690
-424.58800000	0.00260000	0.00228237	363363.77135533	0.00003372	1.75566470
-414.42800000	0.00285000	0.00251468	362764.69856850	-0.00009833	27.31478235
-404.21100000	0.00300000	0.00266482	361375.03871294	-0.00004396	10.48574975
-394.28100000	0.00305000	0.00277758	357779.68533249	-0.00004552	10.47963919
-384.06300000	0.00325000	0.00284059	354334.14292192	0.00000887	-6.30247181
-373.84600000	0.00340000	0.00288588	354181.38636549	-0.00004484	10.37165872
-363.62900000	0.00335000	0.00289180	353914.01661609	-0.00004635	10.66279867
-353.75600000	0.00335000	0.00287818	356000.19246293	-0.00004485	10.25612157
-343.53900000	0.00325000	0.00281576	358465.56928710	0.00001140	-6.24376374
-333.60900000	0.00305000	0.00268618	357271.08563977	-0.00004507	10.33727469
-323.39200000	0.00305000	0.00257094	361595.41511326	-0.00004501	10.57131512
-313.23200000	0.00260000	0.00237452	363238.25922856	0.00003200	2.05517185
-303.30200000	0.00240000	0.00216594	367193.12596384	-0.00004463	10.41550171
-293.08400000	0.00420000	0.00368209	344473.24851939	-0.00004515	10.49886000
-282.86700000	0.00600000	0.00533288	310787.04479314	-0.00000183	-2.32746420
-272.65000000	0.00740000	0.00683501	299793.12671521	0.00000802	-4.83153366
-262.77700000	0.01045000	0.00963000	273664.12796914	0.00001551	-5.56735042
-252.56000000	0.01540000	0.01441262	240244.27957584	0.00000737	-4.24427865
-242.63000000	0.01680000	0.01597897	222643.62349345	-0.00004562	11.73523165
-232.41300000	0.01860000	0.01763195	214213.32934483	-0.00010295	12.30086451
-222.25300000	0.02020000	0.01916543	215856.66231000	-0.00004544	11.86199308
-212.03600000	0.02135000	0.02032324	202823.00959870	-0.00001716	12.97249590
-202.10500000	0.02440000	0.02347659	191620.80732348	0.00004343	-3.28408406
-191.88800000	0.02555000	0.02468732	186696.47429393	0.00004412	-3.18547667
-181.67100000	0.02600000	0.02511618	188769.55159332	-0.00000964	12.46645159
-171.74100000	0.02610000	0.02521705	186738.91044431	-0.00000858	12.43854092
-161.58100000	0.02640000	0.02557362	185741.54150374	-0.00003022	11.21759214
-151.65100000	0.02645000	0.02547191	185868.97864452	-0.00003173	11.13421807
-141.43400000	0.02525000	0.02427648	185869.30643512	-0.00003250	11.16416378
-131.21600000	0.02430000	0.02327053	195854.11857969	0.00004595	-3.33324596
-120.99900000	0.02050000	0.01952158	206515.79725871	-0.00001873	12.57785790
-111.12600000	0.01805000	0.01707105	222973.21142127	-0.00003391	10.78824640
-100.90900000	0.01540000	0.01447862	236085.86624417	-0.00004029	11.23434767
-90.69200000	0.01465000	0.01386499	241273.56206076	0.00003797	-2.90594230
-80.76200000	0.01025000	0.00958066	274435.72654542	-0.00004128	10.77732671
-70.60200000	0.00885000	0.00822973	286901.53551716	0.00000852	-4.71081034
-60.38500000	0.00765000	0.00703666	298148.99249065	0.00000726	-4.58342581
-50.45500000	0.00620000	0.00577459	315267.59103909	-0.00004946	11.91889563
-40.23700000	0.00515000	0.00478760	326177.69428297	-0.00004593	10.92367074
-30.02000000	0.00300000	0.00252313	361076.00107515	-0.00002174	18.15942626
-20.09000000	0.00270000	0.00231056	365575.58331297	0.00000975	-5.97631415
-9.93000000	0.00440000	0.00387366	342276.88301543	0.00002983	0.93789351
0.00000000	0.00445000	0.00402719	339419.48461899	0.00000849	-5.38032715
9.93000000	0.00490000	0.00437198	336156.40049304	0.00002957	0.50186862
20.14700000	0.00515000	0.00475997	333321.97450508	-0.00004779	11.79267233
30.07800000	0.00560000	0.00510690	330270.54909912	-0.00010186	27.64327540
40.23700000	0.00520000	0.00488293	327844.18157193	-0.00004546	10.95604360
50.45500000	0.00495000	0.00457622	332298.26736694	-0.00004583	11.06188402
60.38500000	0.00495000	0.00443906	331855.31260775	0.00000827	-5.72335998
70.60200000	0.00480000	0.00437325	335977.90268442	-0.00004708	11.42665658
80.81900000	0.00470000	0.00418771	335019.01892361	-0.00004502	10.71750135
90.69200000	0.00430000	0.00396418	343211.28446809	-0.00004485	10.83184655
100.90900000	0.00420000	0.00377954	343412.38245416	-0.00004473	10.99254871
111.12600000	0.00400000	0.00354097	343780.91615961	0.00000788	-5.75720800
120.99900000	0.00350000	0.00318779	349912.54180806	-0.00004516	10.73835169
131.21600000	0.00330000	0.00291648	357543.22390095	0.00001113	-6.27742978
141.43400000	0.00295000	0.00256589	361728.17518986	-0.00004397	10.43564425
151.59300000	0.00255000	0.00221129	366505.90352578	0.00000954	-6.74915135
161.52400000	0.00230000	0.00187642	368600.99846167	-0.00004493	9.71985004
171.74100000	0.00190000	0.00148263	372555.93411999	-0.00004594	10.01216967
181.67100000	0.00135000	0.00109396	375044.92638983	-0.00004494	9.87688114
191.83100000	0.00125000	0.00068876	378534.59065512	-0.00004701	9.45204687
202.04800000	0.00110000	0.00053570	379750.36571471	0.00000651	-7.98131801
211.97800000	0.00130000	0.00067814	378683.05506464	0.00003716	4.92783256
222.19500000	0.00120000	0.00096484	377614.13313241	0.00003562	3.63085786
232.35500000	0.00160000	0.00128384	374285.68442951	-0.00004580	9.96099459
242.57200000	0.00205000	0.00162175	371519.34029806	-0.00001957	19.66197825
252.50300000	0.00240000	0.00192534	368307.26835837	-0.00002096	19.58858426
262.66200000	0.00260000	0.00219403	362836.81363217	-0.00004560	10.29356963
272.59300000	0.00295000	0.00247160	362690.62338441	-0.00004473	10.60716473
282.81000000	0.00300000	0.00268176	358425.53550537	-0.00004518	10.32706548
293.02700000	0.00320000	0.00283209	355563.06412290	-0.00009966	27.38387711
303.18700000	0.00335000	0.00298167	354063.10214639	-0.00004485	10.21675143
313.11700000	0.00360000	0.00308061	352106.21013136	0.00003248	1.03155488
323.33400000	0.00345000	0.00313844	350289.75854007	0.00000889	-6.29091237
333.49400000	0.00350000	0.00318068	351569.05873556	0.00003313	0.91634954
343.42400000	0.00365000	0.00320681	355503.17527207	-0.00009988	27.19254064
353.64100000	0.00340000	0.00313344	351840.12688870	0.00000809	-5.99415678
363.57200000	0.00340000	0.00307037	354791.01289515	-0.00004480	10.60622453
373.73100000	0.00340000	0.00296240	357686.57303613	-0.00004411	10.78814486
383.94900000	0.00310000	0.00278717	356419.53572565	-0.00004527	10.62773448
394.16600000	0.00310000	0.00262799	359353.00778770	0.00000920	-6.49376866
404.09600000	0.00275000	0.00246324	363828.49619902	-0.00004480	10.77662027
414.25600000	0.00265000	0.00223020	364645.28743528	0.00000938	-6.79540297
424.47300000	0.00235000	0.00198925	366639.33005211	-0.00004481	10.52690724
434.40300000	0.00215000	0.00177289	370244.50580141	0.00003305	1.81117293
444.62000000	0.00190000	0.00152978	372503.88981029	-0.00001841	19.80361739
454.78000000	0.00165000	0.00131985	375278.68313263	-0.00001792	20.19865066
464.71000000	0.00165000	0.00112694	376550.03673018	0.00000824	-7.41771996
474.87000000	0.00125000	0.00097710	377370.46951503	0.00003688	3.42180348
485.08700000	0.00115000	0.00089484	377220.05547824	-0.00004668	9.92873291
495.01800000	0.00150000	0.00093070	377910.55329301	0.00000673	-7.94647936
505.23500000	0.00125000	0.00102578	377385.58968586	0.00000752	-7.74621050
515.39500000	0.00160000	0.00117462	376458.17021911	0.00003508	3.49499930
525.32500000	0.00165000	0.00137002	374935.67989174	-0.00004558	10.27967350
535.54200000	0.00180000	0.00156069	374138.39699755	-0.00004473	10.29107092
545.70200000	0.00200000	0.00172400	371072.88974698	-0.00001980	19.76033113
555.63200000	0.00215000	0.00188304	368850.65589108	0.00003529	2.45357041
565.84900000	0.00235000	0.00205650	369457.03172283	-0.00004478	10.38073777
576.06600000	0.00250000	0.00217062	367322.11667338	-0.00004536	10.01909019
585.99700000	0.00255000	0.00227123	365309.09429591	-0.00004412	10.26089553
596.21400000	0.00260000	0.00236846	365506.45791470	-0.00004374	10.31822160
606.37400000	0.00285000	0.00239432	361002.25323021	-0.00004607	10.41061407
616.30400000	0.00290000	0.00246279	364210.62272032	-0.00004516	10.27077585
626.52100000	0.00275000	0.00246996	363867.46642414	-0.00004447	10.35233000
636.73800000	0.00295000	0.00246459	364258.45658629	-0.00004410	9.99507059
646.61100000	0.00265000	0.00242381	363925.54359879	0.00001060	-6.90142383
656.82800000	0.00285000	0.00237082	365017.18411766	-0.00004387	9.93801756
667.04500000	0.00280000	0.00228396	363918.10794244	-0.00004448	9.68878561
676.91800000	0.00245000	0.00221582	367450.58292098	0.00001050	-6.85059909
687.13500000	0.00255000	0.00208486	366482.37829328	0.00003527	1.50084345
697.29500000	0.00245000	0.00197582	369017.58653709	-0.00004436	9.96488243
707.22500000	0.00225000	0.00179223	369723.41144860	-0.00004503	9.39069904
717.44300000	0.00215000	0.00165693	374392.17658217	-0.00004360	9.73765187
727.66000000	0.00185000	0.00147914	374259.84976700	0.00003617	2.48231539
737.59000000	0.00165000	0.00132433	376198.13053858	-0.00001735	19.56658436
747.75000000	0.00160000	0.00116898	377974.10959383	-0.00004451	9.75037584
757.96700000	0.00135000	0.00094222	378316.40286429	0.00000793	-8.44652016
767.84000000	0.00135000	0.00079014	380027.09078818	-0.00004564	9.23802362
778.05700000	0.00110000	0.00065972	382244.82746713	-0.00004555	9.13443699
788.27400000	0.00085000	0.00048694	382252.65325835	-0.00004691	8.80601780
798.20400000	0.00100000	0.00037035	383473.86099673	-0.00004712	8.57540408
808.42200000	0.00135000	0.00020276	383595.45990054	0.00013259	39.34739913
818.63900000	0.00130000	0.00016615	384740.63724945	0.00013416	40.17445970
828.51200000	0.00205000	0.00013694	385012.78933577	-0.00009465	-9.62498744
838.72900000	0.00080000	0.00017204	384923.37689826	-0.00003978	-26.87013942
848.88900000	0.00250000	0.00018559	384031.09849529	0.00012275	73.78188306
858.81900000	0.00215000	0.00024292	383526.29649890	-0.00017381	-40.28132627
869.03600000	0.00085000	0.00036240	384318.95578625	-0.00004761	8.21135328
879.25300000	0.00075000	0.00039021	383558.23502933	-0.00004670	8.44292455
889.47000000	0.00160000	0.00045974	384064.88903789	-0.00004618	8.85170805
899.40100000	0.00110000	0.00047510	383611.44414773	0.00004132	4.58641636
909.56000000	0.00075000	0.00048733	383208.04657954	-0.00004756	8.41807504
919.49100000	0.00095000	0.00051168	383777.90939554	-0.00001165	22.01328747
929.70800000	0.00085000	0.00048810	383252.58020996	-0.00004799	8.12540302
939.86800000	0.00085000	0.00050661	384264.15200906	0.00000590	-9.27231860
949.79800000	0.00130000	0.00047357	384070.12534321	0.00004114	4.45501454
960.01500000	0.00110000	0.00045619	384472.05922986	-0.00004680	8.18462044
970.23200000	0.00090000	0.00041554	384567.07833341	-0.00001001	22.58110341
980.16200000	0.00100000	0.00034776	384191.32247097	0.00000456	-10.12100573
990.32200000	0.00180000	0.00032556	385077.37245661	-0.00008612	-6.95349624
1000.53900000	0.00140000	0.00024033	384728.90599636	0.00017377	55.25783664
1010.47000000	0.00235000	0.00020179	385327.85443758	-0.00013698	-26.60809533
1020.62900000	0.00180000	0.00015475	385906.60639999	0.00008846	60.50614523
1030.84700000	0.00100000	0.00015997	386898.66679566	-0.00004857	7.44813409
1041.06400000	0.00200000	0.00011306	387138.90842333	0.00009009	61.14594951
1050.99400000	0.00095000	0.00008167	387556.04462321	-0.00004587	-29.55082205
1061.26900000	0.00250000	0.00006338	387823.72653447	0.00005018	45.70296984
1071.14100000	0.00115000	0.00006525	387913.53106558	0.00004823	45.12304976
1081.35900000	0.00215000	0.00007372	388084.69781601	0.00004774	44.70703145
1091.57600000	0.00165000	0.00007506	387981.14595014	-0.00004808	7.61536396
1101.56300000	0.00155000	0.00009062	387986.20636318	-0.00004787	-30.59388167
1111.95300000	0.00230000	0.00011554	387885.75723216	0.00009078	61.58208663
