-1110.46000000	0.00255000	0.00009071	387777.05829103	0.00004563	48.11208669
-1100.07100000	0.00075000	0.00010801	388047.39124246	-0.00009643	-6.87087438
-1090.31300000	0.00180000	0.00008310	387908.93365612	-0.00004998	11.36712205
-1079.98100000	0.00200000	0.00007659	387765.51123669	-0.00004678	-25.91882045
-1069.70600000	0.00275000	0.00008210	387609.03037684	-0.00004995	-27.21434130
-1059.94800000	0.00185000	0.00008703	387295.11742395	0.00004325	47.02833292
-1049.78900000	0.00100000	0.00012085	387145.24078268	-0.00009347	-5.76647086
-1040.14500000	0.00085000	0.00013386	386710.64028454	0.00009460	28.75902795
-1029.98600000	0.00175000	0.00014920	386038.44328924	-0.00009014	-42.62114663
-1019.88300000	0.00225000	0.00019446	385596.36845596	-0.00013729	-22.97933921
-1009.72300000	0.00115000	0.00023431	385039.87418722	-0.00017460	-37.52063320
-999.90800000	0.00090000	0.00029101	384810.78402717	-0.00004907	11.00601426
-989.63300000	0.00145000	0.00026169	382881.71321248	0.00018092	61.07171052
-979.47400000	0.00100000	0.00038664	384223.92805202	-0.00004836	11.40226636
-969.65800000	0.00095000	0.00042850	384122.34077448	0.00000346	-6.69028234
-959.09700000	0.00095000	0.00046914	383833.67908815	-0.00004723	11.60477294
-948.93700000	0.00105000	0.00048492	383243.78259191	-0.00004904	10.78117264
-938.66200000	0.00105000	0.00052009	383602.45206069	0.00000424	-6.88286921
-928.44500000	0.00100000	0.00052384	383205.53233005	-0.00001404	24.26612325
-918.34300000	0.00080000	0.00052427	383010.86201350	-0.00001312	24.44034725
-908.18300000	0.00090000	0.00052168	383260.27916114	0.00000549	-6.59602806
-897.79300000	0.00105000	0.00048338	382767.56929017	0.00003992	6.25423816
-887.92100000	0.00090000	0.00044205	382779.25169890	0.00000388	-7.32896787
-877.70300000	0.00080000	0.00041522	383766.61759863	0.00000331	-7.49224915
-867.54400000	0.00110000	0.00036193	383934.23866966	-0.00004940	10.19251942
-857.44100000	0.00060000	0.00030591	384343.48873881	0.00000316	-7.47419450
-847.51100000	0.00075000	0.00025293	384685.65242350	-0.00004991	10.01379711
-837.40900000	0.00275000	0.00017891	384531.98983716	-0.00013541	-23.10495446
-827.24900000	0.00225000	0.00017625	384468.73966084	-0.00013597	-23.53227052
-817.54800000	0.00145000	0.00019725	383691.01648354	-0.00013548	-23.36680664
-807.38800000	0.00135000	0.00032112	383565.27902641	0.00000503	-7.45412833
-797.22900000	0.00090000	0.00042941	382675.11361664	-0.00001053	24.65208940
-787.29800000	0.00120000	0.00054529	381109.29959250	0.00000338	-8.09530240
-777.19600000	0.00110000	0.00071975	380936.40051340	0.00000689	-6.87575768
-766.97900000	0.00125000	0.00087142	379587.43190872	0.00003647	4.52718537
-757.10600000	0.00130000	0.00102546	378373.02763602	0.00000623	-7.16123881
-746.77400000	0.00155000	0.00118356	376372.61604509	-0.00004541	10.92329009
-736.55700000	0.00170000	0.00133821	374274.25416197	0.00000768	-6.95660344
-726.74100000	0.00180000	0.00151222	374814.90348026	0.00000841	-6.35885595
-716.58200000	0.00190000	0.00166143	373001.74714897	-0.00004508	10.99540247
-706.36400000	0.00215000	0.00178213	369519.69917391	0.00003446	3.10263924
-696.60600000	0.00220000	0.00192183	369389.19913319	-0.00002130	19.64381550
-686.44700000	0.00245000	0.00203275	367120.22155098	0.00000783	-6.51696531
-676.22900000	0.00255000	0.00216196	368171.76752132	-0.00004492	10.66726560
-666.41400000	0.00265000	0.00222909	365348.53744548	0.00000840	-6.33384425
-656.31200000	0.00250000	0.00228888	362685.81505540	-0.00004573	10.71554529
-646.09400000	0.00280000	0.00237518	363883.29788705	-0.00004411	10.45696448
-636.10700000	0.00280000	0.00240994	364329.49872066	0.00000957	-6.32891618
-626.06200000	0.00290000	0.00241160	364479.20527757	0.00001009	-6.41976997
-615.84500000	0.00280000	0.00237861	362564.15458187	-0.00004517	10.69011461
-605.97200000	0.00275000	0.00233109	362272.69924059	0.00000872	-6.44555802
-595.81200000	0.00285000	0.00227402	364245.84590109	-0.00004557	10.44349368
-585.59500000	0.00260000	0.00217810	365004.10058405	0.00003327	2.00461517
-575.66500000	0.00240000	0.00207675	366111.61812528	-0.00004514	10.17179167
-565.50500000	0.00225000	0.00193551	366837.63075341	0.00000965	-7.06925500
-555.34500000	0.00235000	0.00178477	369111.92266231	-0.00004560	10.27318908
-545.47200000	0.00210000	0.00162722	371213.96625606	0.00000846	-7.29804819
-535.25500000	0.00180000	0.00146340	373892.90927905	-0.00004481	9.73030265
-525.03800000	0.00160000	0.00127466	375023.82527177	-0.00004466	9.91263427
-515.16500000	0.00140000	0.00111816	376681.26258178	0.00000790	-7.71352986
-504.94800000	0.00130000	0.00097845	377362.09394599	-0.00004582	9.59263470
-494.78800000	0.00120000	0.00089110	377123.79158421	-0.00004586	9.53110994
-484.85800000	0.00150000	0.00092822	377564.25778770	0.00000891	-7.07869025
-474.64100000	0.00140000	0.00105691	377962.50655012	-0.00004441	10.11401121
-464.48100000	0.00170000	0.00122124	375719.92744523	0.00000841	-7.67442897
-454.55100000	0.00190000	0.00142922	373305.05284797	0.00000904	-7.44692805
-444.39100000	0.00205000	0.00168115	370080.58554953	-0.00004465	9.79021942
-434.17400000	0.00215000	0.00192963	367371.83076764	-0.00001915	18.91994648
-424.30100000	0.00250000	0.00217661	365398.08110756	-0.00004418	9.91091379
-414.08400000	0.00280000	0.00238510	361203.21383828	-0.00004457	9.94784529
-403.86600000	0.00305000	0.00262278	359959.98191206	0.00001009	-7.01426070
-394.05100000	0.00330000	0.00286559	357530.93117429	-0.00004319	10.06531481
-383.83400000	0.00340000	0.00302366	353718.02984926	-0.00002102	16.87031238
-373.67400000	0.00350000	0.00316932	353074.09773352	0.00003319	0.54432923
-363.45700000	0.00385000	0.00327561	350688.52573319	-0.00004331	10.00719774
-353.58400000	0.00365000	0.00335880	351952.81780067	-0.00004351	10.47619126
-343.36700000	0.00370000	0.00337224	348915.17933239	0.00003322	0.23115834
-333.43700000	0.00380000	0.00337173	350339.73901826	-0.00004355	9.81458953
-323.27700000	0.00360000	0.00332956	349114.88604933	0.00001122	-7.00665293
-313.06000000	0.00375000	0.00323792	348688.19271433	0.00000945	-6.42243996
-303.18700000	0.00360000	0.00312881	351341.05748972	-0.00002051	17.44531798
-292.97000000	0.00335000	0.00297444	355129.17012283	-0.00004355	10.11136338
-282.75200000	0.00315000	0.00273732	355997.91419318	0.00000976	-6.78077529
-272.59300000	0.00310000	0.00252453	360424.63308725	-0.00002093	18.13315913
-262.66200000	0.00265000	0.00237079	362905.63546041	-0.00004434	9.72994065
-252.44500000	0.00240000	0.00207275	366319.10734908	-0.00004437	9.68321712
-242.51500000	0.00215000	0.00176468	370388.85648270	-0.00004408	9.50716513
-232.35500000	0.00200000	0.00139457	371437.79191786	-0.00004434	8.59489549
-222.13800000	0.00170000	0.00107206	376367.82618854	-0.00004580	8.75174807
-211.92100000	0.00145000	0.00076380	378839.66093051	-0.00004450	8.99875616
-202.04800000	0.00120000	0.00058454	379236.47567435	-0.00004683	8.22015319
-191.88800000	0.00115000	0.00072024	378630.16745844	-0.00001366	20.96271167
-181.67100000	0.00130000	0.00092934	376709.01849006	-0.00001413	20.55727626
-171.74100000	0.00180000	0.00128472	373533.04250992	-0.00004506	8.51384726
-161.52400000	0.00205000	0.00168652	369002.72811947	0.00003715	1.46380353
-151.59300000	0.00245000	0.00208398	364517.69107561	-0.00004450	9.64023680
-141.37600000	0.00305000	0.00250955	361925.21468066	-0.00009757	26.14861984
-131.21600000	0.00320000	0.00287319	355740.41856599	0.00003394	0.03216778
-120.99900000	0.00370000	0.00326805	351326.65986016	-0.00004292	9.74571009
-111.06900000	0.00380000	0.00347489	346917.64401700	-0.00004396	10.20350576
-100.85200000	0.00430000	0.00376903	344602.85925236	0.00003269	-0.67340825
-90.69200000	0.00435000	0.00393643	338277.07540352	0.00001135	-6.50338113
-80.76200000	0.00460000	0.00423148	335473.48767535	0.00001131	-6.41238604
-70.54500000	0.00495000	0.00437337	329434.99811080	0.00003265	0.07038736
-60.32700000	0.00480000	0.00442433	327049.90991977	-0.00002000	16.57071216
-50.45500000	0.00475000	0.00442240	329560.50823260	0.00001241	-6.03587703
-40.23700000	0.00460000	0.00427547	332471.29141120	0.00003405	0.11769751
-30.02000000	0.00435000	0.00383540	337313.84481447	-0.00009650	26.75812425
-20.09000000	0.00395000	0.00356695	344707.93842886	-0.00004161	9.96916327
-9.93000000	0.00360000	0.00315999	352534.39363357	-0.00004236	9.78125754
0.00000000	0.00300000	0.00258312	356979.58514168	-0.00004279	9.79905656
9.93000000	0.00225000	0.00188145	366617.91508425	-0.00004338	9.69486659
20.14700000	0.00155000	0.00117295	375139.89629738	-0.00004418	9.35154024
30.07800000	0.00120000	0.00072554	378553.68347664	0.00000687	-8.52253831
40.23700000	0.00225000	0.00189202	366152.30365478	-0.00004757	9.99608815
50.45500000	0.00500000	0.00452307	333877.91964135	0.00001118	-3.99520243
60.38500000	0.00520000	0.00477525	327783.40026186	0.00002859	0.56153325
70.54500000	0.00755000	0.00711516	302062.06062364	0.00000855	-5.02082466
80.76200000	0.00850000	0.00789028	284465.01209525	-0.00004354	10.78231802
90.69200000	0.00720000	0.00667294	304971.56901999	-0.00004631	11.27013389
100.90900000	0.00845000	0.00796591	294363.00708948	0.00003446	-2.06064819
111.12600000	0.00900000	0.00837972	284889.08791997	-0.00003781	10.51337817
120.99900000	0.00980000	0.00923286	274454.08859653	-0.00008851	25.88337340
131.21600000	0.01160000	0.01078290	261579.38709314	0.00004586	-3.36014077
141.43400000	0.01200000	0.01121657	263835.63133051	-0.00000834	12.52944164
151.59300000	0.01115000	0.01016466	269519.82800829	0.00005049	-3.73798496
161.52400000	0.00985000	0.00908087	275786.55914874	-0.00005398	12.16320744
171.74100000	0.01055000	0.01000632	276425.72344048	-0.00000259	11.90166225
181.67100000	0.00905000	0.00842504	286698.40101829	-0.00001153	13.15977519
191.83100000	0.00520000	0.00463425	329538.72722249	-0.00001356	14.41320917
202.04800000	0.00230000	0.00199028	366061.36990516	-0.00004325	9.52544761
211.97800000	0.00170000	0.00128434	373840.98443936	0.00003721	3.02516337
222.13800000	0.00245000	0.00209116	364558.71485305	-0.00004433	9.52863625
232.35500000	0.00170000	0.00145487	366227.51823285	0.00056315	49.66571212
242.57200000	0.00125000	0.00041921	380648.13539254	0.00000603	-9.60594490
252.44500000	0.00115000	0.00067056	379330.56907936	-0.00004623	8.36050594
262.66200000	0.00145000	0.00107485	376310.15962999	0.00003610	2.10262261
272.59300000	0.00165000	0.00137646	373420.99262969	0.00003591	2.43232919
282.75200000	0.00195000	0.00167787	370432.48966187	-0.00004498	8.83717157
292.97000000	0.00245000	0.00194003	366316.68749517	-0.00009667	26.34742699
303.18700000	0.00250000	0.00218702	363506.70256692	-0.00004601	10.00854353
313.11700000	0.00305000	0.00252462	360550.70941324	-0.00002027	17.48512494
323.27700000	0.00295000	0.00266875	359298.48068066	0.00003332	0.51671769
333.49400000	0.00305000	0.00278436	353901.80208676	-0.00006003	20.95963429
343.42400000	0.00335000	0.00278670	355123.96638442	-0.00004428	9.91306725
353.64100000	0.00315000	0.00282220	356607.12549140	0.00000990	-6.37121950
363.51400000	0.00330000	0.00281601	357987.30558399	0.00001034	-6.45928152
373.73100000	0.00315000	0.00275911	358832.91035987	-0.00004391	10.22899925
383.94900000	0.00305000	0.00266507	360460.37571752	-0.00004419	9.97885668
394.10800000	0.00295000	0.00252349	360231.20341154	-0.00002120	17.78262169
404.03900000	0.00270000	0.00237468	362430.14908092	0.00003363	1.46560517
414.19800000	0.00255000	0.00221082	366177.59899163	0.00000987	-6.64214435
424.41600000	0.00250000	0.00198386	366411.25976957	-0.00004463	9.84484502
434.34600000	0.00225000	0.00177743	369419.16714910	-0.00004499	9.75498380
444.56300000	0.00220000	0.00182462	368978.83129983	-0.00001941	18.57500092
454.72300000	0.00195000	0.00161126	372782.40218084	0.00001061	-7.02657058
464.65300000	0.00165000	0.00137604	373762.62382711	-0.00004499	9.49025526
474.87000000	0.00155000	0.00116765	376158.79588768	-0.00004494	9.54433663
485.08700000	0.00130000	0.00097845	377312.35203914	-0.00004471	9.27815863
494.96000000	0.00115000	0.00088323	377865.14205029	-0.00004531	9.54079374
505.17700000	0.00125000	0.00088185	378195.79393886	-0.00004638	8.65797932
515.39500000	0.00155000	0.00112639	376413.86597808	0.00000918	-7.67897442
525.26700000	0.00190000	0.00122468	378662.90430433	-0.00000742	16.53137105
535.54200000	0.00180000	0.00135735	375868.60657238	-0.00004427	9.51875198
545.70200000	0.00190000	0.00149351	371775.10889277	-0.00004597	9.14942600
555.63200000	0.00200000	0.00166828	372191.42433116	-0.00004390	9.37628497
565.79200000	0.00220000	0.00182020	370376.41447069	-0.00001893	18.63932458
576.00900000	0.00240000	0.00197663	368572.91457251	-0.00004464	9.53650296
585.93900000	0.00245000	0.00208080	365754.01773027	-0.00004395	9.26529995
596.15600000	0.00260000	0.00218711	363844.85820135	-0.00004840	11.22024593
606.31600000	0.00250000	0.00227960	363686.04257339	0.00003519	1.24961538
616.24600000	0.00275000	0.00232589	363534.38026956	0.00001192	-7.39746864
626.46400000	0.00285000	0.00236720	365024.51491536	-0.00004292	9.65619959
636.68100000	0.00290000	0.00233989	361885.88076831	0.00001015	-7.26581708
646.55400000	0.00270000	0.00235849	365886.04763339	-0.00004291	9.70469658
656.77100000	0.00265000	0.00228808	362870.12875887	-0.00004426	9.42517526
666.98800000	0.00280000	0.00223579	363805.11970008	0.00001088	-7.81495605
676.86100000	0.00265000	0.00217576	366251.07954739	-0.00004348	9.63636836
687.07800000	0.00265000	0.00204069	365601.00911221	0.00000956	-7.73229675
697.23800000	0.00225000	0.00192925	368690.31296364	0.00001035	-7.88607030
707.16800000	0.00230000	0.00179077	369078.23131927	-0.00004457	9.31106477
717.38500000	0.00195000	0.00166339	373245.40278016	-0.00004335	9.08971380
727.60200000	0.00190000	0.00148927	372705.14069474	-0.00004504	8.91411623
737.53300000	0.00185000	0.00137202	376050.42172849	-0.00004446	8.99424350
747.69200000	0.00160000	0.00118307	376868.14862371	-0.00004627	8.62644602
757.91000000	0.00145000	0.00103684	378017.29446862	0.00000808	-8.49056945
767.78200000	0.00125000	0.00086594	379754.89980219	-0.00004643	9.80228115
778.00000000	0.00130000	0.00067948	381155.17115378	0.00004040	4.05606201
788.15900000	0.00130000	0.00049833	381536.14571212	-0.00004545	8.76008087
798.09000000	0.00120000	0.00037488	383336.40294262	0.00004192	4.23313958
808.30700000	0.00095000	0.00022904	384371.47235188	-0.00000758	23.16492111
818.52400000	0.00170000	0.00008696	385345.73675184	-0.00005332	5.69132343
828.45400000	0.00345000	0.00000004	385961.30698301	-0.00000074	-12.12862018
838.67100000	0.00225000	0.00005264	385882.92550047	-0.00004956	6.76162944
848.83100000	0.00185000	0.00011685	383623.38832676	-0.00009790	-9.28384728
858.76100000	0.00085000	0.00018780	384685.02254700	-0.00013578	-26.37101220
868.92100000	0.00165000	0.00020377	383470.51014088	0.00013126	75.94941054
879.19600000	0.00115000	0.00032741	384308.09644502	0.00000512	-10.08125685
889.29800000	0.00095000	0.00034769	383564.47034707	0.00000490	-10.03096234
899.22800000	0.00125000	0.00035309	382447.73253459	0.00007739	55.51081046
909.38800000	0.00105000	0.00043081	383666.23864386	-0.00000945	22.58496614
919.31800000	0.00110000	0.00046241	384117.75169463	0.00004215	4.41806833
929.53600000	0.00115000	0.00042855	384026.75172621	-0.00000954	22.69076889
939.69500000	0.00085000	0.00042721	383929.21335284	-0.00000990	22.73683755
949.62600000	0.00125000	0.00039954	383451.04119389	-0.00004706	8.72685834
959.84300000	0.00115000	0.00037710	384469.41833450	-0.00003387	-24.89724347
970.06000000	0.00105000	0.00034488	384362.20088683	-0.00000738	23.93004806
979.99000000	0.00075000	0.00032568	385134.96465378	-0.00000946	22.97536347
990.15000000	0.00085000	0.00030500	385633.38986342	0.00000246	-10.85737625
1000.36700000	0.00100000	0.00023230	385288.33416310	-0.00017402	-40.77995743
1010.24000000	0.00210000	0.00018701	385835.57235871	0.00013517	40.69309932
1020.45700000	0.00090000	0.00016848	386388.07627165	-0.00013298	-24.82770176
1030.67400000	0.00340000	0.00013530	386724.40194887	0.00009434	24.83081171
1040.94900000	0.00340000	0.00013480	386847.35892341	-0.00008930	-46.19407502
1050.82200000	0.00295000	0.00011485	387344.54002075	-0.00009546	-10.62621650
1061.09600000	0.00115000	0.00007696	387588.85504450	-0.00004659	-29.60908259
1070.96900000	0.00165000	0.00007080	387725.19079375	0.00004787	45.25723415
1081.18600000	0.00285000	0.00007706	387957.09937901	0.00005100	8.27454007
1091.40400000	0.00265000	0.00007496	388057.82109921	0.00004861	7.48722595
1101.27600000	0.00245000	0.00007709	388040.25950820	0.00004472	44.09211538
1111.55100000	0.00215000	0.00014317	387619.43636254	0.00009333	24.84990676
